*************************Generated by extractMotion.sh**********************
*      Sun Mar 30 14:25:10 MDT 2025 - Case: 2D_RM6_noPTO_floating
* Note: Data was extracted from log.overInterDyMFoam using extractMotion.sh
*       Can be visualized with plotMotion.py                            
****************************************************************************
Time X(x3) Orientation(x9) dX(x3) dX_angular(x3)
0.01 22.7328 0 -0.286004 1 0 -1.09886e-05 0 1 0 1.09886e-05 0 1  -2.69547e-12 0 -0.000849684 0 -0.00219772 0
0.02 22.7328 0 -0.286007 1 0 -4.11006e-05 0 1 0 4.11006e-05 0 1  0.00168658 0 -0.000734525 0 -0.00491702 0
0.03 22.7328 0 -0.286015 1 0 -7.97899e-05 0 1 0 7.97899e-05 0 1  0.00225206 0 -0.00105233 0 -0.00482418 0
0.04 22.7329 0 -0.286022 1 0 -0.00013343 0 1 0 0.00013343 0 1  0.00247144 0 -0.00107209 0 -0.00566142 0
0.05 22.7329 0 -0.286031 1 0 -0.000204692 0 1 0 0.000204692 0 1  0.00319147 0 -0.00103522 0 -0.00772629 0
0.06 22.7329 0 -0.286039 1 0 -0.000289041 0 1 0 0.000289041 0 1  0.00415654 0 -0.000621596 0 -0.00928483 0
0.07 22.733 0 -0.286053 1 0 -0.000384193 0 1 0 0.000384193 0 1  0.00448798 0 -0.00157084 0 -0.0101487 0
0.08 22.733 0 -0.286065 1 0 -0.000494939 0 1 0 0.000494939 0 1  0.00509361 0 -0.0013872 0 -0.0116743 0
0.09 22.7331 0 -0.286074 1 0 -0.000620452 0 1 0 0.000620452 0 1  0.00595779 0 -0.000733218 0 -0.0133095 0
0.1 22.7331 0 -0.286092 1 0 -0.000756008 0 1 0 0.000756008 0 1  0.00629014 0 -0.00201295 0 -0.0141861 0
0.11 22.7332 0 -0.286107 1 0 -0.000907256 0 1 0 0.000907256 0 1  0.00693271 0 -0.00170451 0 -0.0157405 0
0.12 22.7333 0 -0.28612 0.999999 0 -0.00107218 0 1 0 0.00107218 0 0.999999  0.00775373 0 -0.00110012 0 -0.0172586 0
0.13 22.7333 0 -0.286143 0.999999 0 -0.00124708 0 1 0 0.00124708 0 0.999999  0.00808204 0 -0.00237338 0 -0.0181058 0
0.14 22.7334 0 -0.286163 0.999999 0 -0.00143669 0 1 0 0.00143669 0 0.999999  0.00869993 0 -0.00226061 0 -0.0195397 0
0.15 22.7335 0 -0.28618 0.999999 0 -0.00164014 0 1 0 0.00164014 0 0.999999  0.00951998 0 -0.00152883 0 -0.0210889 0
0.16 22.7336 0 -0.286206 0.999998 0 -0.00185314 0 1 0 0.00185314 0 0.999998  0.00985071 0 -0.00272733 0 -0.0219134 0
0.17 22.7337 0 -0.286232 0.999998 0 -0.00207974 0 1 0 0.00207974 0 0.999998  0.0104028 0 -0.00284784 0 -0.0231978 0
0.18 22.7338 0 -0.286253 0.999997 0 -0.00232022 0 1 0 0.00232022 0 0.999997  0.0112272 0 -0.00198267 0 -0.0247586 -0
0.19 22.7339 0 -0.286284 0.999997 0 -0.00256982 0 1 0 0.00256982 0 0.999997  0.0115662 0 -0.00307973 0 -0.0255729 -0
0.2 22.7341 0 -0.286323 0.999996 0 -0.00282981 0 1 0 0.00282981 0 0.999996  0.0119002 0 -0.00457242 0 -0.026416 0
0.21 22.7342 0 -0.286349 0.999995 0 -0.00310695 0 1 0 0.00310695 0 0.999995  0.0129216 0 -0.00256273 0 -0.0283729 0
0.22 22.7343 0 -0.28639 0.999994 0 -0.00339025 0 1 0 0.00339025 0 0.999994  0.0131941 0 -0.00406288 0 -0.0289549 0
0.23 22.7344 0 -0.286438 0.999993 0 -0.00368377 0 1 0 0.00368377 0 0.999993  0.0134259 0 -0.00539078 0 -0.0297064 0
0.24 22.7346 0 -0.286468 0.999992 0 -0.00399524 0 1 0 0.00399524 0 0.999992  0.0145814 0 -0.00264759 0 -0.0318844 0
0.25 22.7347 0 -0.286518 0.999991 0 -0.00431018 0 1 0 0.00431018 0 0.999991  0.0146444 0 -0.00463785 0 -0.0322004 0
0.26 22.7349 0 -0.286572 0.999989 0 -0.00463601 0 1 0 0.00463601 0 0.999989  0.0148298 0 -0.00593035 0 -0.0329152 0
0.27 22.735 0 -0.286611 0.999988 0 -0.004978 0 1 0 0.004978 0 0.999988  0.015808 0 -0.00384451 0 -0.0348146 0
0.28 22.7352 0 -0.286671 0.999986 0 -0.00532311 0 1 0 0.00532311 0 0.999986  0.0158473 0 -0.00592816 0 -0.0351045 0
0.29 22.7354 0 -0.286731 0.999984 0 -0.00567999 0 1 0 0.00567999 0 0.999984  0.0161558 0 -0.00634856 0 -0.0360807 0
0.3 22.7355 0 -0.286783 0.999982 0 -0.00604963 0 1 0 0.00604963 0 0.999982  0.0169056 0 -0.00508557 0 -0.0375788 0
0.31 22.7357 0 -0.28685 0.999979 0 -0.00642445 0 1 0 0.00642445 0 0.999979  0.0169289 0 -0.00673591 0 -0.0379787 0
0.32 22.7359 0 -0.286917 0.999977 0 -0.00680959 0 1 0 0.00680959 0 0.999977  0.0172047 0 -0.00714762 0 -0.0388555 0
0.33 22.736 0 -0.286978 0.999974 0 -0.00720681 0 1 0 0.00720681 0 0.999974  0.0178609 0 -0.00593549 0 -0.040293 0
0.34 22.7362 0 -0.287051 0.999971 0 -0.00760905 0 1 0 0.00760905 0 0.999971  0.0178959 0 -0.00730326 0 -0.0407166 0
0.35 22.7364 0 -0.287126 0.999968 0 -0.00802033 0 1 0 0.00802033 0 0.999968  0.0180499 0 -0.00787987 0 -0.0414526 0
0.36 22.7366 0 -0.287194 0.999964 0 -0.00844322 0 1 0 0.00844322 0 0.999964  0.0186529 0 -0.0066664 0 -0.0428106 0
0.37 22.7368 0 -0.287273 0.999961 0 -0.00887099 0 1 0 0.00887099 0 0.999961  0.018644 0 -0.00788292 0 -0.0432373 0
0.38 22.7369 0 -0.287354 0.999957 0 -0.00930657 0 1 0 0.00930657 0 0.999957  0.0187406 0 -0.00853498 0 -0.0438364 0
0.39 22.7371 0 -0.287428 0.999952 0 -0.0097533 0 1 0 0.0097533 0 0.999952  0.0192527 0 -0.00730841 0 -0.0451408 0
0.4 22.7373 0 -0.287505 0.999948 0 -0.0102065 0 1 0 0.0102065 0 0.999948  0.0193257 0 -0.00753085 0 -0.0457857 0
0.41 22.7375 0 -0.287593 0.999943 0 -0.0106637 0 1 0 0.0106637 0 0.999943  0.0191117 0 -0.00938106 0 -0.0459017 0
0.42 22.7377 0 -0.287667 0.999938 0 -0.0111334 0 1 0 0.0111334 0 0.999938  0.0197213 0 -0.0074062 0 -0.0473426 0
0.43 22.7379 0 -0.287749 0.999933 0 -0.0116076 0 1 0 0.0116076 0 0.999933  0.0197807 0 -0.00774025 0 -0.0479335 -0
0.44 22.7381 0 -0.287841 0.999927 0 -0.0120848 0 1 0 0.0120848 0 0.999927  0.0194561 0 -0.00971284 0 -0.0479017 -0
0.45 22.7383 0 -0.28792 0.999921 0 -0.012574 0 1 0 0.012574 0 0.999921  0.0199309 0 -0.00805344 0 -0.0492215 0
0.46 22.7385 0 -0.288004 0.999915 0 -0.0130685 0 1 0 0.0130685 0 0.999915  0.0199984 0 -0.00801591 0 -0.0499203 0
0.47 22.7387 0 -0.2881 0.999908 0 -0.0135639 0 1 0 0.0135639 0 0.999908  0.0195929 0 -0.0101326 0 -0.0496751 0
0.48 22.7389 0 -0.288183 0.999901 0 -0.0140709 0 1 0 0.0140709 0 0.999901  0.0199733 0 -0.00846358 0 -0.050947 0
0.49 22.7391 0 -0.288278 0.999894 0 -0.0145801 0 1 0 0.0145801 0 0.999894  0.0199878 0 -0.00940627 0 -0.0512917 0
0.5 22.7393 0 -0.288382 0.999886 0 -0.0150924 0 1 0 0.0150924 0 0.999886  0.0196083 0 -0.0110229 0 -0.0513158 0
0.51 22.7395 0 -0.288477 0.999878 0 -0.0156138 0 1 0 0.0156138 0 0.999878  0.0198948 0 -0.00969949 0 -0.05239 0
0.52 22.7397 0 -0.288578 0.99987 0 -0.0161383 0 1 0 0.0161383 0 0.99987  0.0199233 0 -0.00988517 0 -0.0528156 0
0.53 22.7399 0 -0.288692 0.999861 0 -0.0166638 0 1 0 0.0166638 0 0.999861  0.0194292 0 -0.0119345 0 -0.05262 0
0.54 22.7401 0 -0.288796 0.999852 0 -0.0171985 0 1 0 0.0171985 0 0.999852  0.019674 0 -0.0105825 0 -0.0536684 0
0.55 22.7403 0 -0.288903 0.999843 0 -0.0177366 0 1 0 0.0177366 0 0.999843  0.0196812 0 -0.0104373 0 -0.0542021 -0
0.56 22.7405 0 -0.289027 0.999833 0 -0.0182737 0 1 0 0.0182737 0 0.999833  0.0191109 0 -0.0128325 0 -0.0537911 0
0.57 22.7407 0 -0.289129 0.999823 0 -0.0188209 0 1 0 0.0188209 0 0.999823  0.0194101 0 -0.00985895 0 -0.0550442 0
0.58 22.7409 0 -0.289234 0.999812 0 -0.0193713 0 1 0 0.0193713 0 0.999812  0.0194203 0 -0.00924862 0 -0.0556217 0
0.59 22.741 0 -0.289374 0.999802 0 -0.0199122 0 1 0 0.0199122 0 0.999802  0.0183328 0 -0.0143935 0 -0.0541507 0
0.6 22.7412 0 -0.28946 0.99979 0 -0.0204777 0 1 0 0.0204777 0 0.99979  0.019452 0 -0.00861504 0 -0.0567771 0
0.61 22.7414 0 -0.289584 0.999779 0 -0.0210309 0 1 0 0.0210309 0 0.999779  0.0183426 0 -0.0125132 0 -0.0554627 0
0.62 22.7416 0 -0.289708 0.999767 0 -0.0215878 0 1 0 0.0215878 0 0.999767  0.0181358 0 -0.0131121 0 -0.0555636 0
0.63 22.7418 0 -0.289798 0.999754 0 -0.0221602 0 1 0 0.0221602 0 0.999754  0.0191697 0 -0.00746803 0 -0.0579575 -0
0.64 22.742 0 -0.289926 0.999742 0 -0.0227206 0 1 0 0.0227206 0 0.999742  0.0179358 0 -0.0125913 0 -0.0562716 0
0.65 22.7422 0 -0.290053 0.999729 0 -0.0232844 0 1 0 0.0232844 0 0.999729  0.0173434 0 -0.0145199 0 -0.0558597 0
0.66 22.7423 0 -0.290137 0.999715 0 -0.023866 0 1 0 0.023866 0 0.999715  0.0188031 0 -0.0074401 0 -0.0586454 0
0.67 22.7425 0 -0.290267 0.999701 0 -0.0244324 0 1 0 0.0244324 0 0.999701  0.0176402 0 -0.0123423 0 -0.0569766 -0
0.68 22.7427 0 -0.2904 0.999687 0 -0.0250009 0 1 0 0.0250009 0 0.999687  0.01696 0 -0.0147415 0 -0.0564838 -0
0.69 22.7429 0 -0.2905 0.999673 0 -0.0255852 0 1 0 0.0255852 0 0.999673  0.0183181 0 -0.00934257 0 -0.0588381 -0
0.7 22.743 0 -0.290643 0.999658 0 -0.0261549 0 1 0 0.0261549 0 0.999658  0.0172948 0 -0.0141989 0 -0.0571908 -0
0.71 22.7432 0 -0.290786 0.999643 0 -0.0267286 0 1 0 0.0267286 0 0.999643  0.0168635 0 -0.0156391 0 -0.0569938 -0
0.72 22.7434 0 -0.2909 0.999627 0 -0.0273143 0 1 0 0.0273143 0 0.999627  0.0178528 0 -0.010916 0 -0.0589037 0
0.73 22.7436 0 -0.291049 0.999611 0 -0.0278882 0 1 0 0.0278882 0 0.999611  0.0169793 0 -0.0145401 0 -0.0576156 0
0.74 22.7437 0 -0.291196 0.999595 0 -0.0284641 0 1 0 0.0284641 0 0.999595  0.0165759 0 -0.0156015 0 -0.0573198 -0
0.75 22.7439 0 -0.291317 0.999578 0 -0.0290506 0 1 0 0.0290506 0 0.999578  0.017374 0 -0.0114218 0 -0.0589846 0
0.76 22.7441 0 -0.291469 0.999561 0 -0.0296258 0 1 0 0.0296258 0 0.999561  0.0165738 0 -0.0148795 0 -0.0576939 0
0.77 22.7442 0 -0.291617 0.999544 0 -0.0302036 0 1 0 0.0302036 0 0.999544  0.0161832 0 -0.0156603 0 -0.0575385 0
0.78 22.7444 0 -0.291739 0.999526 0 -0.0307909 0 1 0 0.0307909 0 0.999526  0.0169322 0 -0.0113643 0 -0.0590656 0
0.79 22.7446 0 -0.2919 0.999508 0 -0.031363 0 1 0 0.031363 0 0.999508  0.0159807 0 -0.0155665 0 -0.0574061 -0
0.8 22.7447 0 -0.292041 0.99949 0 -0.0319436 0 1 0 0.0319436 0 0.99949  0.016128 0 -0.0141938 0 -0.0580465 0
0.81 22.7449 0 -0.292176 0.999471 0 -0.0325252 0 1 0 0.0325252 0 0.999471  0.0163414 0 -0.012872 0 -0.0584248 0
0.82 22.745 0 -0.292327 0.999452 0 -0.0330988 0 1 0 0.0330988 0 0.999452  0.0155785 0 -0.0151535 0 -0.0572875 0
0.83 22.7452 0 -0.292472 0.999433 0 -0.0336751 0 1 0 0.0336751 0 0.999433  0.0157042 0 -0.0143674 0 -0.0576553 -0
0.84 22.7454 0 -0.292595 0.999413 0 -0.0342584 0 1 0 0.0342584 0 0.999413  0.0162818 0 -0.0117397 0 -0.058556 0
0.85 22.7455 0 -0.292766 0.999394 0 -0.0348227 0 1 0 0.0348227 0 0.999394  0.0147187 0 -0.0187643 0 -0.0558796 0
0.86 22.7457 0 -0.292902 0.999373 0 -0.0354 0 1 0 0.0354 0 0.999373  0.0157154 0 -0.0135728 0 -0.0577268 0
0.87 22.7458 0 -0.293001 0.999352 0 -0.0359874 0 1 0 0.0359874 0 0.999352  0.0167831 0 -0.00788219 0 -0.0594114 0
0.88 22.746 0 -0.293218 0.999332 0 -0.0365333 0 1 0 0.0365333 0 0.999332  0.0133231 0 -0.0250383 0 -0.0533757 0
0.89 22.7461 0 -0.293315 0.999311 0 -0.0371217 0 1 0 0.0371217 0 0.999311  0.0161966 0 -0.010851 0 -0.058488 -0
0.9 22.7463 0 -0.293437 0.999289 0 -0.0376986 0 1 0 0.0376986 0 0.999289  0.0166332 0 -0.00871888 0 -0.0589346 -0
0.91 22.7464 0 -0.293648 0.999269 0 -0.0382417 0 1 0 0.0382417 0 0.999269  0.0134416 0 -0.0234269 0 -0.0534039 0
0.92 22.7466 0 -0.29375 0.999246 0 -0.0388227 0 1 0 0.0388227 0 0.999246  0.0158973 0 -0.0110168 0 -0.0577631 0
0.93 22.7468 0 -0.293876 0.999224 0 -0.0393921 0 1 0 0.0393921 0 0.999224  0.0161699 0 -0.00962158 0 -0.057963 -0
0.94 22.7469 0 -0.294076 0.999202 0 -0.0399326 0 1 0 0.0399326 0 0.999202  0.013539 0 -0.0220732 0 -0.0532015 -0
0.95 22.7471 0 -0.294189 0.999179 0 -0.0405037 0 1 0 0.0405037 0 0.999179  0.0155773 0 -0.0120842 0 -0.0567718 0
0.96 22.7472 0 -0.294317 0.999156 0 -0.0410654 0 1 0 0.0410654 0 0.999156  0.0159255 0 -0.0103505 0 -0.0570271 0
0.97 22.7473 0 -0.294515 0.999134 0 -0.0415998 0 1 0 0.0415998 0 0.999134  0.0135359 0 -0.0215826 0 -0.0526952 0
0.98 22.7475 0 -0.294637 0.999111 0 -0.0421611 0 1 0 0.0421611 0 0.999111  0.0152884 0 -0.0130395 0 -0.0558125 -0
0.99 22.7477 0 -0.294773 0.999087 0 -0.0427142 0 1 0 0.0427142 0 0.999087  0.0156704 0 -0.0114062 0 -0.0560535 0
1 22.7478 0 -0.294974 0.999065 0 -0.0432413 0 1 0 0.0432413 0 0.999065  0.0134494 0 -0.0217739 0 -0.0520206 -0
1.01 22.7479 0 -0.295102 0.999041 0 -0.0437933 0 1 0 0.0437933 0 0.999041  0.0151615 0 -0.0134118 0 -0.0549144 -0
1.02 22.7481 0 -0.295242 0.999017 0 -0.044336 0 1 0 0.044336 0 0.999017  0.0153372 0 -0.0120178 0 -0.054879 0
1.03 22.7482 0 -0.295431 0.998993 0 -0.0448562 0 1 0 0.0448562 0 0.998993  0.0133703 0 -0.0201805 0 -0.0513571 -0
1.04 22.7484 0 -0.295551 0.998969 0 -0.0453977 0 1 0 0.0453977 0 0.998969  0.0148915 0 -0.0124716 0 -0.0538141 -0
1.05 22.7485 0 -0.295688 0.998945 0 -0.0459269 0 1 0 0.0459269 0 0.998945  0.0147483 0 -0.0124925 0 -0.0532155 -0
1.06 22.7487 0 -0.295862 0.998921 0 -0.0464399 0 1 0 0.0464399 0 0.998921  0.0133446 0 -0.018712 0 -0.0506422 0
1.07 22.7488 0 -0.295984 0.998896 0 -0.0469674 0 1 0 0.0469674 0 0.998896  0.0145844 0 -0.0123857 0 -0.0525731 -0
1.08 22.749 0 -0.296124 0.998872 0 -0.0474825 0 1 0 0.0474825 0 0.998872  0.014498 0 -0.0126137 0 -0.0517944 -0
1.09 22.7491 0 -0.296295 0.998848 0 -0.047983 0 1 0 0.047983 0 0.998848  0.0132112 0 -0.0183214 0 -0.049433 0
1.1 22.7492 0 -0.296422 0.998823 0 -0.048495 0 1 0 0.048495 0 0.998823  0.0142795 0 -0.0130065 0 -0.0509632 0
1.11 22.7494 0 -0.296562 0.998799 0 -0.0489972 0 1 0 0.0489972 0 0.998799  0.0142392 0 -0.0128496 0 -0.0504557 -0
1.12 22.7495 0 -0.296743 0.998775 0 -0.0494821 0 1 0 0.0494821 0 0.998775  0.0129952 0 -0.0194221 0 -0.0478721 -0
1.13 22.7496 0 -0.296873 0.99875 0 -0.0499802 0 1 0 0.0499802 0 0.99875  0.0141144 0 -0.0133576 0 -0.0495843 0
1.14 22.7498 0 -0.297027 0.998726 0 -0.050466 0 1 0 0.050466 0 0.998726  0.0140015 0 -0.0143078 0 -0.0487991 0
1.15 22.7499 0 -0.297208 0.998702 0 -0.050937 0 1 0 0.050937 0 0.998702  0.0128408 0 -0.0195637 0 -0.0464188 0
1.16 22.7501 0 -0.297348 0.998677 0 -0.0514183 0 1 0 0.0514183 0 0.998677  0.0138162 0 -0.0141799 0 -0.0478707 0
1.17 22.7502 0 -0.297502 0.998653 0 -0.0518878 0 1 0 0.0518878 0 0.998653  0.0137047 0 -0.0143618 0 -0.047126 0
1.18 22.7503 0 -0.297688 0.998629 0 -0.0523414 0 1 0 0.0523414 0 0.998629  0.0124909 0 -0.0197678 0 -0.0447223 -0
1.19 22.7505 0 -0.297833 0.998605 0 -0.0528044 0 1 0 0.0528044 0 0.998605  0.0134116 0 -0.0146413 0 -0.0460627 0
1.2 22.7506 0 -0.29799 0.998581 0 -0.0532565 0 1 0 0.0532565 0 0.998581  0.0133246 0 -0.0145271 0 -0.0453925 0
1.21 22.7507 0 -0.298175 0.998558 0 -0.0536922 0 1 0 0.0536922 0 0.998558  0.0121202 0 -0.0196805 0 -0.0428847 -0
1.22 22.7508 0 -0.298326 0.998534 0 -0.054135 0 1 0 0.054135 0 0.998534  0.0127793 0 -0.0154943 0 -0.0439146 -0
1.23 22.751 0 -0.298473 0.99851 0 -0.0545707 0 1 0 0.0545707 0 0.99851  0.0130202 0 -0.0133287 0 -0.0437792 -0
1.24 22.7511 0 -0.298655 0.998487 0 -0.0549853 0 1 0 0.0549853 0 0.998487  0.0115284 0 -0.018998 0 -0.0408207 -0
1.25 22.7512 0 -0.298805 0.998464 0 -0.0554064 0 1 0 0.0554064 0 0.998464  0.0121206 0 -0.0155501 0 -0.0415917 -0
1.26 22.7513 0 -0.29894 0.998441 0 -0.0558213 0 1 0 0.0558213 0 0.998441  0.0124465 0 -0.011881 0 -0.0417335 0
1.27 22.7514 0 -0.299118 0.998419 0 -0.056214 0 1 0 0.056214 0 0.998419  0.0109631 0 -0.0181139 0 -0.0387866 -0
1.28 22.7516 0 -0.299264 0.998396 0 -0.0566122 0 1 0 0.0566122 0 0.998396  0.0112276 0 -0.0154186 0 -0.0392274 -0
1.29 22.7517 0 -0.299407 0.998374 0 -0.0570026 0 1 0 0.0570026 0 0.998374  0.0116533 0 -0.013024 0 -0.0391928 0
1.3 22.7518 0 -0.299571 0.998353 0 -0.0573764 0 1 0 0.0573764 0 0.998353  0.0107186 0 -0.0163506 0 -0.0370561 0
1.31 22.7519 0 -0.299726 0.998331 0 -0.0577468 0 1 0 0.0577468 0 0.998331  0.0104596 0 -0.0161773 0 -0.0364531 0
1.32 22.752 0 -0.299865 0.99831 0 -0.0581145 0 1 0 0.0581145 0 0.99831  0.0109232 0 -0.0131695 0 -0.0367123 0
1.33 22.7521 0 -0.300024 0.998289 0 -0.0584666 0 1 0 0.0584666 0 0.998289  0.0101504 0 -0.0157571 0 -0.034927 0
1.34 22.7522 0 -0.30018 0.998269 0 -0.0588122 0 1 0 0.0588122 0 0.998269  0.00977574 0 -0.0163152 0 -0.0339415 0
1.35 22.7523 0 -0.300315 0.998249 0 -0.0591567 0 1 0 0.0591567 0 0.998249  0.0101997 0 -0.0130006 0 -0.0342838 0
1.36 22.7524 0 -0.300473 0.998229 0 -0.0594844 0 1 0 0.0594844 0 0.998229  0.0095074 0 -0.0155279 0 -0.0325002 0
1.37 22.7525 0 -0.300623 0.99821 0 -0.0598052 0 1 0 0.0598052 0 0.99821  0.00916848 0 -0.0156596 0 -0.0314564 0
1.38 22.7526 0 -0.300762 0.998191 0 -0.0601227 0 1 0 0.0601227 0 0.998191  0.00930567 0 -0.0135342 0 -0.031515 0
1.39 22.7527 0 -0.300912 0.998173 0 -0.0604269 0 1 0 0.0604269 0 0.998173  0.00890781 0 -0.0146521 0 -0.0301718 0
1.4 22.7528 0 -0.301064 0.998155 0 -0.0607214 0 1 0 0.0607214 0 0.998155  0.00840282 0 -0.015677 0 -0.0288854 -0
1.41 22.7529 0 -0.301201 0.998137 0 -0.0610131 0 1 0 0.0610131 0 0.998137  0.00858083 0 -0.0134355 0 -0.0288908 0
1.42 22.7529 0 -0.301347 0.99812 0 -0.0612925 0 1 0 0.0612925 0 0.99812  0.00822529 0 -0.0142688 0 -0.0277014 0
1.43 22.753 0 -0.3015 0.998103 0 -0.0615607 0 1 0 0.0615607 0 0.998103  0.00769543 0 -0.0157963 0 -0.0262436 -0
1.44 22.7531 0 -0.301634 0.998087 0 -0.061826 0 1 0 0.061826 0 0.998087  0.00793964 0 -0.0131698 0 -0.0262014 -0
1.45 22.7532 0 -0.301776 0.998071 0 -0.0620791 0 1 0 0.0620791 0 0.998071  0.00752947 0 -0.013698 0 -0.0250506 -0
1.46 22.7532 0 -0.301928 0.998056 0 -0.0623204 0 1 0 0.0623204 0 0.998056  0.00691475 0 -0.0156963 0 -0.0235243 -0
1.47 22.7533 0 -0.30206 0.998041 0 -0.0625595 0 1 0 0.0625595 0 0.998041  0.00714655 0 -0.0131454 0 -0.0235521 -0
1.48 22.7534 0 -0.302203 0.998027 0 -0.0627872 0 1 0 0.0627872 0 0.998027  0.0068815 0 -0.0139448 0 -0.0225319 -0
1.49 22.7534 0 -0.302354 0.998013 0 -0.0630029 0 1 0 0.0630029 0 0.998013  0.00626386 0 -0.0157571 0 -0.0209802 -0
1.5 22.7535 0 -0.302489 0.998 0 -0.0632161 0 1 0 0.0632161 0 0.998  0.00643991 0 -0.0133529 0 -0.0209704 0
1.51 22.7536 0 -0.302627 0.997987 0 -0.0634191 0 1 0 0.0634191 0 0.997987  0.00625871 0 -0.0131907 0 -0.0201098 0
1.52 22.7536 0 -0.302782 0.997975 0 -0.0636078 0 1 0 0.0636078 0 0.997975  0.0054561 0 -0.0162091 0 -0.0182042 0
1.53 22.7537 0 -0.302916 0.997963 0 -0.0637955 0 1 0 0.0637955 0 0.997963  0.00572057 0 -0.0135469 0 -0.018324 0
1.54 22.7537 0 -0.303049 0.997952 0 -0.0639744 0 1 0 0.0639744 0 0.997952  0.00566229 0 -0.0125255 0 -0.0177821 0
1.55 22.7538 0 -0.303198 0.997941 0 -0.0641357 0 1 0 0.0641357 0 0.997941  0.0047305 0 -0.0151011 0 -0.0155648 0
1.56 22.7538 0 -0.303326 0.997931 0 -0.0642968 0 1 0 0.0642968 0 0.997931  0.00494777 0 -0.0129318 0 -0.015555 0
1.57 22.7539 0 -0.303454 0.997921 0 -0.0644466 0 1 0 0.0644466 0 0.997921  0.00471471 0 -0.0125604 0 -0.0146709 0
1.58 22.7539 0 -0.303596 0.997912 0 -0.064583 0 1 0 0.064583 0 0.997912  0.00412157 0 -0.0143255 0 -0.0131446 0
1.59 22.754 0 -0.303716 0.997904 0 -0.0647178 0 1 0 0.0647178 0 0.997904  0.00441407 0 -0.0118753 0 -0.0130762 0
1.6 22.754 0 -0.303845 0.997896 0 -0.0648389 0 1 0 0.0648389 0 0.997896  0.00382938 0 -0.0128648 0 -0.0117033 -0
1.61 22.7541 0 -0.30398 0.997889 0 -0.06495 0 1 0 0.06495 0 0.997889  0.00346646 0 -0.0137346 0 -0.0105646 -0
1.62 22.7541 0 -0.304093 0.997881 0 -0.0650607 0 1 0 0.0650607 0 0.997881  0.00385481 0 -0.010935 0 -0.0108061 0
1.63 22.7541 0 -0.304224 0.997875 0 -0.0651537 0 1 0 0.0651537 0 0.997875  0.00299936 0 -0.0132408 0 -0.00882872 0
1.64 22.7542 0 -0.304349 0.99787 0 -0.0652404 0 1 0 0.0652404 0 0.99787  0.00288062 0 -0.0127767 0 -0.00806478 0
1.65 22.7542 0 -0.304453 0.997864 0 -0.0653246 0 1 0 0.0653246 0 0.997864  0.0031549 0 -0.00973018 0 -0.00824201 0
1.66 22.7542 0 -0.304589 0.99786 0 -0.0653879 0 1 0 0.0653879 0 0.99786  0.00217062 0 -0.0134423 0 -0.00593333 0
1.67 22.7542 0 -0.30469 0.997855 0 -0.0654555 0 1 0 0.0654555 0 0.997855  0.00260974 0 -0.010157 0 -0.00626406 0
1.68 22.7543 0 -0.304811 0.997852 0 -0.0655065 0 1 0 0.0655065 0 0.997852  0.00197579 0 -0.0122384 0 -0.004642 0
1.69 22.7543 0 -0.304926 0.997849 0 -0.0655506 0 1 0 0.0655506 0 0.997849  0.00184481 0 -0.0117106 0 -0.00391189 0
1.7 22.7543 0 -0.305023 0.997847 0 -0.0655914 0 1 0 0.0655914 0 0.997847  0.00211852 0 -0.00892756 0 -0.00388095 -0
1.71 22.7543 0 -0.305145 0.997845 0 -0.0656146 0 1 0 0.0656146 0 0.997845  0.0012104 0 -0.0122686 0 -0.00184 -0
1.72 22.7543 0 -0.305251 0.997844 0 -0.0656353 0 1 0 0.0656353 0 0.997844  0.00129702 0 -0.0110145 0 -0.00150098 0
1.73 22.7543 0 -0.305346 0.997843 0 -0.0656516 0 1 0 0.0656516 0 0.997843  0.00148479 0 -0.00890932 0 -0.00146031 0
1.74 22.7544 0 -0.305466 0.997843 0 -0.0656498 0 1 0 0.0656498 0 0.997843  0.000624768 0 -0.0121375 0 0.000661518 0
1.75 22.7544 0 -0.305564 0.997843 0 -0.0656477 0 1 0 0.0656477 0 0.997843  0.000857648 0 -0.0100053 0 0.000719131 0
1.76 22.7544 0 -0.305659 0.997843 0 -0.0656381 0 1 0 0.0656381 0 0.997843  0.000836606 0 -0.00865105 0 0.00110857 0
1.77 22.7544 0 -0.305769 0.997845 0 -0.0656141 0 1 0 0.0656141 0 0.997845  0.000161338 0 -0.0113323 0 0.00296892 0
1.78 22.7544 0 -0.305866 0.997847 0 -0.0655859 0 1 0 0.0655859 0 0.997847  0.000146228 0 -0.0101696 0 0.00342857 0
1.79 22.7544 0 -0.305948 0.997849 0 -0.0655547 0 1 0 0.0655547 0 0.997849  0.000458497 0 -0.00749742 0 0.00328886 0
1.8 22.7544 0 -0.30606 0.997852 0 -0.0655033 0 1 0 0.0655033 0 0.997852  -0.000517018 0 -0.0111686 0 0.00559235 0
1.81 22.7544 0 -0.306144 0.997856 0 -0.0654545 0 1 0 0.0654545 0 0.997856  -6.29462e-05 0 -0.0082724 0 0.005279 0
1.82 22.7544 0 -0.306233 0.997859 0 -0.0653953 0 1 0 0.0653953 0 0.997859  -0.000266158 0 -0.00837458 0 0.00612201 0
1.83 22.7544 0 -0.306335 0.997864 0 -0.0653232 0 1 0 0.0653232 0 0.997864  -0.000885521 0 -0.0105821 0 0.00779442 0
1.84 22.7544 0 -0.306412 0.997869 0 -0.0652523 0 1 0 0.0652523 0 0.997869  -0.000543119 0 -0.00767112 0 0.00751625 0
1.85 22.7544 0 -0.306498 0.997874 0 -0.0651695 0 1 0 0.0651695 0 0.997874  -0.000807752 0 -0.00822773 0 0.00854998 0
1.86 22.7543 0 -0.306587 0.99788 0 -0.0650771 0 1 0 0.0650771 0 0.99788  -0.00131974 0 -0.00905339 0 0.00976005 0
1.87 22.7543 0 -0.306659 0.997886 0 -0.0649825 0 1 0 0.0649825 0 0.997886  -0.000991469 0 -0.00678903 0 0.00974282 0
1.88 22.7543 0 -0.306737 0.997893 0 -0.064878 0 1 0 0.064878 0 0.997893  -0.00131399 0 -0.00738196 0 0.01074 0
1.89 22.7543 0 -0.306821 0.997901 0 -0.0647631 0 1 0 0.0647631 0 0.997901  -0.00180311 0 -0.00897637 0 0.0121184 0
1.9 22.7543 0 -0.306884 0.997908 0 -0.0646479 0 1 0 0.0646479 0 0.997908  -0.00141832 0 -0.00606824 0 0.0118521 0
1.91 22.7543 0 -0.306954 0.997916 0 -0.0645224 0 1 0 0.0645224 0 0.997916  -0.00167696 0 -0.00639745 0 0.0127547 0
1.92 22.7543 0 -0.307031 0.997925 0 -0.0643865 0 1 0 0.0643865 0 0.997925  -0.00223649 0 -0.00825486 0 0.0142 0
1.93 22.7542 0 -0.307088 0.997934 0 -0.0642505 0 1 0 0.0642505 0 0.997934  -0.00191613 0 -0.00552634 0 0.0139657 0
1.94 22.7542 0 -0.307146 0.997943 0 -0.0641065 0 1 0 0.0641065 0 0.997943  -0.00208733 0 -0.00513193 0 0.014544 0
1.95 22.7542 0 -0.307223 0.997953 0 -0.0639482 0 1 0 0.0639482 0 0.997953  -0.00271993 0 -0.00807222 0 0.0163894 0
1.96 22.7542 0 -0.307272 0.997963 0 -0.0637924 0 1 0 0.0637924 0 0.997963  -0.00221067 0 -0.00480284 0 0.0159503 0
1.97 22.7541 0 -0.307325 0.997974 0 -0.0636275 0 1 0 0.0636275 0 0.997974  -0.00242316 0 -0.00457443 0 0.0166504 0
1.98 22.7541 0 -0.307395 0.997985 0 -0.0634494 0 1 0 0.0634494 0 0.997985  -0.00313774 0 -0.00753602 0 0.0184407 0
1.99 22.7541 0 -0.307437 0.997996 0 -0.0632737 0 1 0 0.0632737 0 0.997996  -0.00260861 0 -0.00423951 0 0.0179597 0
2 22.7541 0 -0.307481 0.998008 0 -0.0630903 0 1 0 0.0630903 0 0.998008  -0.00273312 0 -0.00353116 0 0.0184281 0
2.01 22.754 0 -0.307543 0.99802 0 -0.0628932 0 1 0 0.0628932 0 0.99802  -0.00347668 0 -0.00661365 0 0.0202962 0
2.02 22.754 0 -0.30758 0.998033 0 -0.0626978 0 1 0 0.0626978 0 0.998033  -0.00310264 0 -0.00393318 0 0.019992 0
2.03 22.754 0 -0.307617 0.998045 0 -0.0624957 0 1 0 0.0624957 0 0.998045  -0.00292833 0 -0.00293828 0 0.0203626 0
2.04 22.7539 0 -0.307671 0.998059 0 -0.0622802 0 1 0 0.0622802 0 0.998059  -0.00378538 0 -0.00605244 0 0.0221902 0
2.05 22.7539 0 -0.3077 0.998072 0 -0.0620671 0 1 0 0.0620671 0 0.998072  -0.00343323 0 -0.00304169 0 0.0217376 0
2.06 22.7539 0 -0.307728 0.998086 0 -0.0618476 0 1 0 0.0618476 0 0.998086  -0.00327525 0 -0.00199058 0 0.0220378 0
2.07 22.7538 0 -0.307777 0.9981 0 -0.0616143 0 1 0 0.0616143 0 0.9981  -0.00418434 0 -0.00538964 0 0.0239003 0
2.08 22.7538 0 -0.307794 0.998114 0 -0.061386 0 1 0 0.061386 0 0.998114  -0.00363985 0 -0.00196402 0 0.0232998 0
2.09 22.7538 0 -0.307815 0.998129 0 -0.0611502 0 1 0 0.0611502 0 0.998129  -0.00382923 0 -0.00153251 0 0.0237567 0
2.1 22.7537 0 -0.307849 0.998144 0 -0.0609028 0 1 0 0.0609028 0 0.998144  -0.00439928 0 -0.00401967 0 0.0253579 0
2.11 22.7537 0 -0.307868 0.998159 0 -0.0606537 0 1 0 0.0606537 0 0.998159  -0.0041322 0 -0.00206571 0 0.0253367 0
2.12 22.7536 0 -0.30787 0.998174 0 -0.0604052 0 1 0 0.0604052 0 0.998174  -0.00370605 0 0.000818286 0 0.024872 0
2.13 22.7536 0 -0.307907 0.99819 0 -0.0601378 0 1 0 0.0601378 0 0.99819  -0.00502728 0 -0.00453421 0 0.0274171 0
2.14 22.7535 0 -0.307917 0.998206 0 -0.0598725 0 1 0 0.0598725 0 0.998206  -0.00436168 0 -0.00134884 0 0.0270421 0
2.15 22.7535 0 -0.307913 0.998222 0 -0.0596062 0 1 0 0.0596062 0 0.998222  -0.00362907 0 0.00186761 0 0.0265003 0
2.16 22.7534 0 -0.307956 0.998239 0 -0.0593165 0 1 0 0.0593165 0 0.998239  -0.00529308 0 -0.00520751 0 0.0296592 0
2.17 22.7534 0 -0.307959 0.998256 0 -0.0590352 0 1 0 0.0590352 0 0.998256  -0.00448254 0 -0.000942746 0 0.0287198 0
2.18 22.7534 0 -0.307953 0.998273 0 -0.0587524 0 1 0 0.0587524 0 0.998273  -0.00384559 0 0.00216199 0 0.0280415 0
2.19 22.7533 0 -0.307995 0.998291 0 -0.0584455 0 1 0 0.0584455 0 0.998291  -0.00540881 0 -0.00494368 0 0.031315 0
2.2 22.7533 0 -0.307993 0.998308 0 -0.0581482 0 1 0 0.0581482 0 0.998308  -0.00463016 0 -0.000462272 0 0.0303203 0
2.21 22.7532 0 -0.307982 0.998325 0 -0.0578488 0 1 0 0.0578488 0 0.998325  -0.0040758 0 0.00265131 0 0.0297273 0
2.22 22.7532 0 -0.308019 0.998344 0 -0.0575261 0 1 0 0.0575261 0 0.998344  -0.00561156 0 -0.00450075 0 0.0329041 0
2.23 22.7531 0 -0.308012 0.998362 0 -0.0572138 0 1 0 0.0572138 0 0.998362  -0.00482134 0 0.000154298 0 0.0317931 0
2.24 22.7531 0 -0.307998 0.99838 0 -0.0568982 0 1 0 0.0568982 0 0.99838  -0.00434567 0 0.00306158 0 0.0312571 0
2.25 22.753 0 -0.308026 0.998399 0 -0.0565619 0 1 0 0.0565619 0 0.998399  -0.0056959 0 -0.00328757 0 0.0341554 0
2.26 22.753 0 -0.308014 0.998418 0 -0.0562345 0 1 0 0.0562345 0 0.998418  -0.00514554 0 0.000675982 0 0.0332755 0
2.27 22.7529 0 -0.307992 0.998436 0 -0.0559059 0 1 0 0.0559059 0 0.998436  -0.00464672 0 0.00368058 0 0.0326245 0
2.28 22.7529 0 -0.308006 0.998455 0 -0.0555599 0 1 0 0.0555599 0 0.998455  -0.006065 0 -0.00165043 0 0.0349606 0
2.29 22.7528 0 -0.307985 0.998474 0 -0.0552218 0 1 0 0.0552218 0 0.998474  -0.00541617 0 0.00174731 0 0.0342395 0
2.3 22.7528 0 -0.307955 0.998493 0 -0.0548824 0 1 0 0.0548824 0 0.998493  -0.00513743 0 0.00398158 0 0.0338622 0
2.31 22.7527 0 -0.307956 0.998512 0 -0.054527 0 1 0 0.054527 0 0.998512  -0.00630956 0 -0.000657069 0 0.0360257 0
2.32 22.7526 0 -0.307924 0.998531 0 -0.0541783 0 1 0 0.0541783 0 0.998531  -0.00565147 0 0.00294581 0 0.0352574 0
2.33 22.7526 0 -0.307887 0.99855 0 -0.0538276 0 1 0 0.0538276 0 0.99855  -0.00545081 0 0.00487458 0 0.0349058 0
2.34 22.7525 0 -0.307881 0.99857 0 -0.0534629 0 1 0 0.0534629 0 0.99857  -0.00667322 0 0.000146731 0 0.0368817 0
2.35 22.7525 0 -0.307841 0.998589 0 -0.0531056 0 1 0 0.0531056 0 0.998589  -0.00608101 0 0.00365209 0 0.0360789 0
2.36 22.7524 0 -0.307797 0.998608 0 -0.0527459 0 1 0 0.0527459 0 0.998608  -0.00580173 0 0.00555449 0 0.035817 0
2.37 22.7523 0 -0.30778 0.998628 0 -0.0523724 0 1 0 0.0523724 0 0.998628  -0.00691321 0 0.00128721 0 0.0377548 0
2.38 22.7523 0 -0.307735 0.998647 0 -0.0520049 0 1 0 0.0520049 0 0.998647  -0.00647924 0 0.00407106 0 0.037141 0
2.39 22.7522 0 -0.307684 0.998666 0 -0.051637 0 1 0 0.051637 0 0.998666  -0.00619719 0 0.00627786 0 0.0366154 0
2.4 22.7521 0 -0.307657 0.998686 0 -0.0512558 0 1 0 0.0512558 0 0.998686  -0.00719552 0 0.00231268 0 0.0384557 0
2.41 22.7521 0 -0.307609 0.998705 0 -0.0508791 0 1 0 0.0508791 0 0.998705  -0.00696642 0 0.00433734 0 0.0380728 0
2.42 22.752 0 -0.307546 0.998724 0 -0.0505054 0 1 0 0.0505054 0 0.998724  -0.00657894 0 0.00754011 0 0.0371338 0
2.43 22.7519 0 -0.307523 0.998744 0 -0.0501135 0 1 0 0.0501135 0 0.998744  -0.00784799 0 0.0030908 0 0.0390803 0
2.44 22.7519 0 -0.307451 0.998762 0 -0.0497359 0 1 0 0.0497359 0 0.998762  -0.00681487 0 0.00776448 0 0.0377388 0
2.45 22.7518 0 -0.307407 0.998782 0 -0.0493466 0 1 0 0.0493466 0 0.998782  -0.00792272 0 0.00435934 0 0.0391365 0
2.46 22.7517 0 -0.307349 0.998801 0 -0.0489585 0 1 0 0.0489585 0 0.998801  -0.00797652 0 0.00544882 0 0.0391147 0
2.47 22.7516 0 -0.307268 0.998819 0 -0.0485769 0 1 0 0.0485769 0 0.998819  -0.0073845 0 0.00908639 0 0.0380093 0
2.48 22.7515 0 -0.307226 0.998839 0 -0.0481778 0 1 0 0.0481778 0 0.998839  -0.00856736 0 0.00380264 0 0.0402362 0
2.49 22.7515 0 -0.307155 0.998858 0 -0.0477861 0 1 0 0.0477861 0 0.998858  -0.00819558 0 0.0066936 0 0.0395058 0
2.5 22.7514 0 -0.307065 0.998876 0 -0.0474007 0 1 0 0.0474007 0 0.998876  -0.00778235 0 0.0103116 0 0.0382184 0
2.51 22.7513 0 -0.30703 0.998895 0 -0.0469913 0 1 0 0.0469913 0 0.998895  -0.00928955 0 0.00234604 0 0.0415331 0
2.52 22.7512 0 -0.306952 0.998914 0 -0.0465954 0 1 0 0.0465954 0 0.998914  -0.00851713 0 0.0067645 0 0.0401409 0
2.53 22.7511 0 -0.306864 0.998932 0 -0.0462023 0 1 0 0.0462023 0 0.998932  -0.00799066 0 0.0104664 0 0.0388262 0
2.54 22.751 0 -0.306814 0.998951 0 -0.0457941 0 1 0 0.0457941 0 0.998951  -0.00990932 0 0.00570008 0 0.0406757 0
2.55 22.7509 0 -0.30672 0.998969 0 -0.0453986 0 1 0 0.0453986 0 0.998969  -0.00891661 0 0.00900452 0 0.0398128 0
2.56 22.7508 0 -0.306642 0.998987 0 -0.0449962 0 1 0 0.0449962 0 0.998987  -0.009618 0 0.00762609 0 0.040474 0
2.57 22.7508 0 -0.306557 0.999005 0 -0.0445949 0 1 0 0.0445949 0 0.999005  -0.00969469 0 0.00862564 0 0.0402111 0
2.58 22.7507 0 -0.306454 0.999023 0 -0.0441981 0 1 0 0.0441981 0 0.999023  -0.0095433 0 0.0111835 0 0.0394603 0
2.59 22.7506 0 -0.306373 0.999041 0 -0.0437929 0 1 0 0.0437929 0 0.999041  -0.0103402 0 0.00818899 0 0.0405707 0
2.6 22.7505 0 -0.306275 0.999058 0 -0.0433921 0 1 0 0.0433921 0 0.999058  -0.0102801 0 0.00944829 0 0.0402868 0
2.61 22.7504 0 -0.306166 0.999075 0 -0.0429947 0 1 0 0.0429947 0 0.999075  -0.0100786 0 0.0115958 0 0.0395965 0
2.62 22.7502 0 -0.306076 0.999093 0 -0.0425888 0 1 0 0.0425888 0 0.999093  -0.0108391 0 0.00872727 0 0.0407909 0
2.63 22.7501 0 -0.305974 0.99911 0 -0.0421869 0 1 0 0.0421869 0 0.99911  -0.0108722 0 0.00974833 0 0.0404419 0
2.64 22.75 0 -0.305856 0.999126 0 -0.0417906 0 1 0 0.0417906 0 0.999126  -0.0105258 0 0.0128043 0 0.0393107 0
2.65 22.7499 0 -0.305771 0.999143 0 -0.0413815 0 1 0 0.0413815 0 0.999143  -0.0114017 0 0.00837004 0 0.041003 0
2.66 22.7498 0 -0.305724 0.999161 0 -0.0409581 0 1 0 0.0409581 0 0.999161  -0.0119941 0 0.0040404 0 0.0426107 0
2.67 22.7497 0 -0.305573 0.999176 0 -0.040575 0 1 0 0.040575 0 0.999176  -0.00963456 0 0.0187872 0 0.0369576 0
2.68 22.7496 0 -0.30552 0.999193 0 -0.040156 0 1 0 0.040156 0 0.999193  -0.0128504 0 0.00655946 0 0.0413961 0
2.69 22.7494 0 -0.305456 0.99921 0 -0.0397386 0 1 0 0.0397386 0 0.99921  -0.0131418 0 0.00358991 0 0.0428465 0
2.7 22.7493 0 -0.305297 0.999225 0 -0.0393602 0 1 0 0.0393602 0 0.999225  -0.010375 0 0.0183652 0 0.036958 0
2.71 22.7492 0 -0.305242 0.999241 0 -0.0389437 0 1 0 0.0389437 0 0.999241  -0.0132204 0 0.00643999 0 0.0411943 0
2.72 22.7491 0 -0.305165 0.999257 0 -0.0385344 0 1 0 0.0385344 0 0.999257  -0.0136055 0 0.00508893 0 0.0419214 0
2.73 22.749 0 -0.305015 0.999272 0 -0.0381546 0 1 0 0.0381546 0 0.999272  -0.0112378 0 0.0174037 0 0.0371317 0
2.74 22.7488 0 -0.304944 0.999287 0 -0.0377473 0 1 0 0.0377473 0 0.999287  -0.013424 0 0.00789775 0 0.0403425 0
2.75 22.7487 0 -0.304869 0.999303 0 -0.0373408 0 1 0 0.0373408 0 0.999303  -0.0142951 0 0.00471111 0 0.0416846 0
2.76 22.7486 0 -0.30477 0.999317 0 -0.0369453 0 1 0 0.0369453 0 0.999317  -0.0125038 0 0.0116297 0 0.038896 0
2.77 22.7484 0 -0.304659 0.999332 0 -0.0365573 0 1 0 0.0365573 0 0.999332  -0.0124449 0 0.0145686 0 0.037393 0
2.78 22.7483 0 -0.304639 0.999347 0 -0.0361362 0 1 0 0.0361362 0 0.999347  -0.0156538 0 0.000143369 0 0.0427501 0
2.79 22.7481 0 -0.304504 0.99936 0 -0.0357588 0 1 0 0.0357588 0 0.99936  -0.013139 0 0.0128727 0 0.0379291 0
2.8 22.748 0 -0.304397 0.999374 0 -0.0353749 0 1 0 0.0353749 0 0.999374  -0.0132856 0 0.0133011 0 0.0373586 0
2.81 22.7479 0 -0.304358 0.999389 0 -0.0349653 0 1 0 0.0349653 0 0.999389  -0.0156614 0 0.00162982 0 0.0417314 0
2.82 22.7477 0 -0.304217 0.999401 0 -0.0345955 0 1 0 0.0345955 0 0.999401  -0.013494 0 0.0134707 0 0.0371725 0
2.83 22.7476 0 -0.304114 0.999414 0 -0.0342152 0 1 0 0.0342152 0 0.999414  -0.0138604 0 0.0123624 0 0.0371685 0
2.84 22.7474 0 -0.30405 0.999428 0 -0.0338221 0 1 0 0.0338221 0 0.999428  -0.0156943 0 0.00471069 0 0.0398113 0
2.85 22.7473 0 -0.303921 0.99944 0 -0.0334544 0 1 0 0.0334544 0 0.99944  -0.0140144 0 0.0134891 0 0.0364876 0
2.86 22.7471 0 -0.303856 0.999453 0 -0.0330679 0 1 0 0.0330679 0 0.999453  -0.0145604 0 0.0093817 0 0.0374592 0
2.87 22.747 0 -0.303765 0.999465 0 -0.0326941 0 1 0 0.0326941 0 0.999465  -0.0148612 0 0.00958264 0 0.0370184 0
2.88 22.7468 0 -0.30367 0.999477 0 -0.032323 0 1 0 0.032323 0 0.999477  -0.0153805 0 0.0103986 0 0.0366734 0
2.89 22.7467 0 -0.303546 0.999489 0 -0.031967 0 1 0 0.031967 0 0.999489  -0.0145297 0 0.0129161 0 0.0353401 0
2.9 22.7465 0 -0.303475 0.999501 0 -0.0315927 0 1 0 0.0315927 0 0.999501  -0.0165325 0 0.00449927 0 0.0382375 0
2.91 22.7464 0 -0.303336 0.999512 0 -0.0312464 0 1 0 0.0312464 0 0.999512  -0.0147367 0 0.01409 0 0.0344815 0
2.92 22.7462 0 -0.303213 0.999523 0 -0.0308988 0 1 0 0.0308988 0 0.999523  -0.0145728 0 0.015013 0 0.0335872 0
2.93 22.7461 0 -0.303143 0.999534 0 -0.0305334 0 1 0 0.0305334 0 0.999534  -0.0164925 0 0.00563805 0 0.0368833 0
2.94 22.7459 0 -0.303004 0.999544 0 -0.0301967 0 1 0 0.0301967 0 0.999544  -0.0151529 0 0.0131592 0 0.0338224 0
2.95 22.7458 0 -0.302874 0.999554 0 -0.0298616 0 1 0 0.0298616 0 0.999554  -0.0147917 0 0.0149009 0 0.0326452 0
2.96 22.7456 0 -0.302815 0.999565 0 -0.0295038 0 1 0 0.0295038 0 0.999565  -0.0169106 0 0.00441635 0 0.0361017 0
2.97 22.7455 0 -0.30267 0.999574 0 -0.0291814 0 1 0 0.0291814 0 0.999574  -0.0148945 0 0.014583 0 0.0320501 0
2.98 22.7453 0 -0.302551 0.999584 0 -0.0288544 0 1 0 0.0288544 0 0.999584  -0.0151283 0 0.0140845 0 0.0316668 0
2.99 22.7451 0 -0.302482 0.999593 0 -0.0285131 0 1 0 0.0285131 0 0.999593  -0.0170109 0 0.00544258 0 0.034475 0
3 22.745 0 -0.302338 0.999602 0 -0.0282026 0 1 0 0.0282026 0 0.999602  -0.0150246 0 0.0144191 0 0.0308556 0
3.01 22.7448 0 -0.302218 0.999611 0 -0.0278885 0 1 0 0.0278885 0 0.999611  -0.0151768 0 0.013795 0 0.0305661 0
3.02 22.7447 0 -0.302141 0.99962 0 -0.0275623 0 1 0 0.0275623 0 0.99962  -0.0169901 0 0.00582908 0 0.0330888 0
3.03 22.7445 0 -0.301996 0.999628 0 -0.0272655 0 1 0 0.0272655 0 0.999628  -0.0151392 0 0.0142551 0 0.0295621 0
3.04 22.7444 0 -0.301877 0.999636 0 -0.0269676 0 1 0 0.0269676 0 0.999636  -0.0154169 0 0.0134824 0 0.0289018 0
3.05 22.7442 0 -0.301793 0.999645 0 -0.0266583 0 1 0 0.0266583 0 0.999645  -0.0167661 0 0.00683494 0 0.0312227 0
3.06 22.744 0 -0.301653 0.999652 0 -0.026375 0 1 0 0.026375 0 0.999652  -0.0152217 0 0.0139334 0 0.0282202 0
3.07 22.7439 0 -0.301527 0.99966 0 -0.0260925 0 1 0 0.0260925 0 0.99966  -0.0152502 0 0.0141142 0 0.0274316 0
3.08 22.7437 0 -0.301441 0.999667 0 -0.0257998 0 1 0 0.0257998 0 0.999667  -0.0167144 0 0.00725602 0 0.0295048 0
3.09 22.7436 0 -0.301301 0.999674 0 -0.0255313 0 1 0 0.0255313 0 0.999674  -0.0152766 0 0.0135238 0 0.0267873 0
3.1 22.7434 0 -0.301184 0.999681 0 -0.0252618 0 1 0 0.0252618 0 0.999681  -0.0153762 0 0.0126481 0 0.0263323 0
3.11 22.7432 0 -0.301094 0.999688 0 -0.024987 0 1 0 0.024987 0 0.999688  -0.0164426 0 0.00780713 0 0.0276509 0
3.12 22.7431 0 -0.300962 0.999694 0 -0.0247329 0 1 0 0.0247329 0 0.999694  -0.015245 0 0.0131456 0 0.0251698 0
3.13 22.7429 0 -0.300847 0.9997 0 -0.0244794 0 1 0 0.0244794 0 0.9997  -0.0152898 0 0.0124643 0 0.0247152 0
3.14 22.7428 0 -0.300759 0.999707 0 -0.0242207 0 1 0 0.0242207 0 0.999707  -0.0163613 0 0.00754408 0 0.0260427 0
3.15 22.7426 0 -0.300629 0.999712 0 -0.0239819 0 1 0 0.0239819 0 0.999712  -0.0150162 0 0.0128837 0 0.0236655 0
3.16 22.7425 0 -0.300516 0.999718 0 -0.0237446 0 1 0 0.0237446 0 0.999718  -0.0151821 0 0.0123955 0 0.0230764 0
3.17 22.7423 0 -0.300427 0.999724 0 -0.0235032 0 1 0 0.0235032 0 0.999724  -0.016153 0 0.00782348 0 0.0242097 0
3.18 22.7422 0 -0.300302 0.999729 0 -0.0232813 0 1 0 0.0232813 0 0.999729  -0.0150108 0 0.012474 0 0.0219367 0
3.19 22.742 0 -0.300188 0.999734 0 -0.0230616 0 1 0 0.0230616 0 0.999734  -0.015017 0 0.0122969 0 0.0213245 0
3.2 22.7419 0 -0.300099 0.999739 0 -0.0228383 0 1 0 0.0228383 0 0.999739  -0.0159499 0 0.00790415 0 0.0223882 0
3.21 22.7417 0 -0.299978 0.999744 0 -0.0226336 0 1 0 0.0226336 0 0.999744  -0.0149955 0 0.0119521 0 0.0202729 0
3.22 22.7416 0 -0.299863 0.999748 0 -0.0224328 0 1 0 0.0224328 0 0.999748  -0.014813 0 0.0124257 0 0.0194189 0
3.23 22.7414 0 -0.299775 0.999753 0 -0.0222282 0 1 0 0.0222282 0 0.999753  -0.0157514 0 0.00795787 0 0.0204541 0
3.24 22.7412 0 -0.299657 0.999757 0 -0.0220409 0 1 0 0.0220409 0 0.999757  -0.0149247 0 0.011454 0 0.0185556 0
3.25 22.7411 0 -0.299542 0.999761 0 -0.0218594 0 1 0 0.0218594 0 0.999761  -0.0146276 0 0.0124348 0 0.0174822 0
3.26 22.7409 0 -0.299455 0.999765 0 -0.0216738 0 1 0 0.0216738 0 0.999765  -0.0155623 0 0.00802271 0 0.0185042 0
3.27 22.7408 0 -0.29934 0.999769 0 -0.0215049 0 1 0 0.0215049 0 0.999769  -0.0148242 0 0.0110419 0 0.0167231 0
3.28 22.7407 0 -0.299226 0.999772 0 -0.0213429 0 1 0 0.0213429 0 0.999772  -0.0144405 0 0.0124043 0 0.0155327 0
3.29 22.7405 0 -0.299139 0.999776 0 -0.0211767 0 1 0 0.0211767 0 0.999776  -0.0153587 0 0.00804901 0 0.0165135 0
3.3 22.7404 0 -0.299031 0.999779 0 -0.0210252 0 1 0 0.0210252 0 0.999779  -0.0147774 0 0.010457 0 0.0149788 0
3.31 22.7402 0 -0.298914 0.999782 0 -0.0208837 0 1 0 0.0208837 0 0.999782  -0.0141666 0 0.0128165 0 0.013397 0
3.32 22.7401 0 -0.298832 0.999785 0 -0.0207363 0 1 0 0.0207363 0 0.999785  -0.0152512 0 0.00771747 0 0.0145786 0
3.33 22.7399 0 -0.298725 0.999788 0 -0.0206042 0 1 0 0.0206042 0 0.999788  -0.0147149 0 0.00989717 0 0.0131646 0
3.34 22.7398 0 -0.29861 0.99979 0 -0.0204827 0 1 0 0.0204827 0 0.99979  -0.0140445 0 0.0125395 0 0.0114727 0
3.35 22.7396 0 -0.298526 0.999793 0 -0.0203559 0 1 0 0.0203559 0 0.999793  -0.0149903 0 0.00807646 0 0.0124527 0
3.36 22.7395 0 -0.298422 0.999795 0 -0.0202427 0 1 0 0.0202427 0 0.999795  -0.0145986 0 0.00966645 0 0.0112328 0
3.37 22.7393 0 -0.298309 0.999797 0 -0.0201408 0 1 0 0.0201408 0 0.999797  -0.0139579 0 0.0122091 0 0.00953013 0
3.38 22.7392 0 -0.298223 0.999799 0 -0.020035 0 1 0 0.020035 0 0.999799  -0.0147545 0 0.00835933 0 0.0102958 0
3.39 22.739 0 -0.298123 0.999801 0 -0.0199412 0 1 0 0.0199412 0 0.999801  -0.014504 0 0.00938777 0 0.00928331 0
3.4 22.7389 0 -0.298011 0.999803 0 -0.019859 0 1 0 0.019859 0 0.999803  -0.0138513 0 0.0119388 0 0.00761628 0
3.41 22.7388 0 -0.297924 0.999804 0 -0.0197741 0 1 0 0.0197741 0 0.999804  -0.0145438 0 0.00857704 0 0.00818783 0
3.42 22.7386 0 -0.297827 0.999806 0 -0.0196991 0 1 0 0.0196991 0 0.999806  -0.0143957 0 0.0092098 0 0.00735956 0
3.43 22.7385 0 -0.297714 0.999807 0 -0.0196381 0 1 0 0.0196381 0 0.999807  -0.0136563 0 0.0121032 0 0.00546793 0
3.44 22.7383 0 -0.297631 0.999808 0 -0.0195719 0 1 0 0.0195719 0 0.999808  -0.0145456 0 0.00791912 0 0.00637006 0
3.45 22.7382 0 -0.297533 0.999809 0 -0.0195184 0 1 0 0.0195184 0 0.999809  -0.0142372 0 0.00928518 0 0.00523553 0
3.46 22.738 0 -0.29742 0.99981 0 -0.0194768 0 1 0 0.0194768 0 0.99981  -0.0134576 0 0.0122067 0 0.0034914 0
3.47 22.7379 0 -0.297333 0.999811 0 -0.0194323 0 1 0 0.0194323 0 0.999811  -0.0143237 0 0.00815904 0 0.00426822 0
3.48 22.7378 0 -0.297243 0.999812 0 -0.0193973 0 1 0 0.0193973 0 0.999812  -0.0145137 0 0.00758703 0 0.0036707 0
3.49 22.7376 0 -0.297121 0.999812 0 -0.0193792 0 1 0 0.0193792 0 0.999812  -0.0131713 0 0.0130951 0 0.00111922 0
3.5 22.7375 0 -0.297038 0.999813 0 -0.0193546 0 1 0 0.0193546 0 0.999813  -0.0140421 0 0.00887384 0 0.00194516 0
3.51 22.7373 0 -0.296949 0.999813 0 -0.0193384 0 1 0 0.0193384 0 0.999813  -0.0143472 0 0.00779786 0 0.00166695 0
