*************************Generated by extractLog.sh*************************
*      Tue Nov  5 10:14:03 MST 2024. Case: 2D_RM6_noPTO_floating
* Note: Data was extracted from log.overInterDyMFoam using extractLog.sh
*       Can be visualized with plotMotion.py and/or plotForces.py
****************************************************************************
Time X(x3) Orientation(x9) dX(x3) dX_angular(x3) Force(x3) Moment(x3)
0.01 22.7328 0 -0.286004 1 0 -1.09886e-05 0 1 0 1.09886e-05 0 1  -2.69547e-12 0 -0.000849684 0 -0.00219772 0              0.66054 2.75952e-17 34.3725              2.00674e-17 -1.07245 -3.12617e-17
0.02 22.7328 0 -0.286007 1 0 -4.11006e-05 0 1 0 4.11006e-05 0 1  0.00168658 0 -0.000734525 0 -0.00491702 0              -0.0054273 -3.45266e-18 33.0776              -3.9608e-18 0.309163 4.45555e-18
0.03 22.7328 0 -0.286015 1 0 -7.97899e-05 0 1 0 7.97899e-05 0 1  0.00225206 0 -0.00105233 0 -0.00482418 0              -0.100525 9.47861e-18 33.1711              1.61603e-17 -0.0134624 2.00388e-18
0.04 22.7329 0 -0.286022 1 0 -0.00013343 0 1 0 0.00013343 0 1  0.00247144 0 -0.00107209 0 -0.00566142 0              0.41559 -3.77136e-17 34.5401              -1.18825e-17 -0.918376 3.81746e-17
0.05 22.7329 0 -0.286031 1 0 -0.000204692 0 1 0 0.000204692 0 1  0.00319147 0 -0.00103522 0 -0.00772629 0              0.335349 -2.99914e-17 34.0246              -1.21948e-17 -0.509639 2.77193e-17
0.06 22.7329 0 -0.286039 1 0 -0.000289041 0 1 0 0.000289041 0 1  0.00415654 0 -0.000621596 0 -0.00928483 0              0.0063298 -1.00724e-18 33.1077              -4.74875e-18 -0.123807 3.93804e-18
0.07 22.733 0 -0.286053 1 0 -0.000384193 0 1 0 0.000384193 0 1  0.00448798 0 -0.00157084 0 -0.0101487 0              0.328391 5.40248e-17 34.4578              2.52183e-17 -0.681055 -4.81536e-17
0.08 22.733 0 -0.286065 1 0 -0.000494939 0 1 0 0.000494939 0 1  0.00509361 0 -0.0013872 0 -0.0116743 0              0.310819 2.37891e-17 34.1551              6.91645e-18 -0.553604 -2.03943e-17
0.09 22.7331 0 -0.286074 1 0 -0.000620452 0 1 0 0.000620452 0 1  0.00595779 0 -0.000733218 0 -0.0133095 0              0.0147679 1.68912e-18 33.0154              -3.98782e-18 -0.147978 -1.03454e-17
0.1 22.7331 0 -0.286092 1 0 -0.000756008 0 1 0 0.000756008 0 1  0.00629014 0 -0.00201295 0 -0.0141861 0              0.371853 1.88771e-17 34.633              8.82897e-18 -0.739686 -2.30496e-17
0.11 22.7332 0 -0.286107 1 0 -0.000907256 0 1 0 0.000907256 0 1  0.00693271 0 -0.00170451 0 -0.0157405 0              0.34945 -4.34045e-17 34.3789              -1.76704e-17 -0.602941 3.95004e-17
0.12 22.7333 0 -0.28612 0.999999 0 -0.00107218 0 1 0 0.00107218 0 0.999999  0.00775373 0 -0.00110012 0 -0.0172586 0              -0.00202322 5.62009e-19 32.9564              4.06528e-18 -0.124449 1.01003e-18
0.13 22.7333 0 -0.286143 0.999999 0 -0.00124708 0 1 0 0.00124708 0 0.999999  0.00808204 0 -0.00237338 0 -0.0181058 0              0.350698 7.21084e-17 34.5112              3.4815e-17 -0.688223 -6.09042e-17
0.14 22.7334 0 -0.286163 0.999999 0 -0.00143669 0 1 0 0.00143669 0 0.999999  0.00869993 0 -0.00226061 0 -0.0195397 0              0.37769 6.96426e-17 34.548              3.61887e-17 -0.661883 -6.40609e-17
0.15 22.7335 0 -0.28618 0.999999 0 -0.00164014 0 1 0 0.00164014 0 0.999999  0.00951998 0 -0.00152883 0 -0.0210889 0              -0.018318 -4.33681e-17 32.9129              -1.79924e-17 -0.0977387 4.53572e-17
0.16 22.7336 0 -0.286206 0.999998 0 -0.00185314 0 1 0 0.00185314 0 0.999998  0.00985071 0 -0.00272733 0 -0.0219134 0              0.303361 1.16147e-17 34.328              6.67167e-18 -0.613474 -4.19301e-18
0.17 22.7337 0 -0.286232 0.999998 0 -0.00207974 0 1 0 0.00207974 0 0.999998  0.0104028 0 -0.00284784 0 -0.0231978 0              0.414969 -3.30233e-17 34.7493              -2.33025e-17 -0.730183 2.44739e-17
0.18 22.7338 0 -0.286253 0.999997 0 -0.00232022 0 1 0 0.00232022 0 0.999997  0.0112272 0 -0.00198267 0 -0.0247586 -0              -0.0195429 6.78309e-18 32.9352              6.48814e-18 -0.0980212 -1.19113e-17
0.19 22.7339 0 -0.286284 0.999997 0 -0.00256982 0 1 0 0.00256982 0 0.999997  0.0115662 0 -0.00307973 0 -0.0255729 -0              0.0666226 -2.38131e-17 33.1492              -1.48955e-17 -0.23991 1.41337e-17
0.2 22.7341 0 -0.286323 0.999996 0 -0.00282981 0 1 0 0.00282981 0 0.999996  0.0119002 0 -0.00457242 0 -0.026416 0              0.603797 7.13992e-17 35.6561              4.09e-17 -1.03119 -3.22603e-17
0.21 22.7342 0 -0.286349 0.999995 0 -0.00310695 0 1 0 0.00310695 0 0.999995  0.0129216 0 -0.00256273 0 -0.0283729 0              -0.179064 6.17086e-18 32.2245              4.5081e-18 0.149103 -6.00453e-18
0.22 22.7343 0 -0.28639 0.999994 0 -0.00339025 0 1 0 0.00339025 0 0.999994  0.0131941 0 -0.00406288 0 -0.0289549 0              0.126788 6.8738e-18 33.6398              2.80479e-18 -0.367661 5.3987e-18
0.23 22.7344 0 -0.286438 0.999993 0 -0.00368377 0 1 0 0.00368377 0 0.999993  0.0134259 0 -0.00539078 0 -0.0297064 0              0.822015 -4.70887e-17 36.8867              -2.34984e-17 -1.42235 4.58485e-17
0.24 22.7346 0 -0.286468 0.999992 0 -0.00399524 0 1 0 0.00399524 0 0.999992  0.0145814 0 -0.00264759 0 -0.0318844 0              -0.156413 -7.0247e-18 32.4717              4.32185e-18 0.0908292 2.081e-17
0.25 22.7347 0 -0.286518 0.999991 0 -0.00431018 0 1 0 0.00431018 0 0.999991  0.0146444 0 -0.00463785 0 -0.0322004 0              0.0674237 3.63608e-17 33.4724              1.91785e-17 -0.306761 -3.28969e-17
0.26 22.7349 0 -0.286572 0.999989 0 -0.00463601 0 1 0 0.00463601 0 0.999989  0.0148298 0 -0.00593035 0 -0.0329152 0              0.58973 6.27546e-17 35.6716              4.71024e-17 -1.0372 -1.39433e-17
0.27 22.735 0 -0.286611 0.999988 0 -0.004978 0 1 0 0.004978 0 0.999988  0.015808 0 -0.00384451 0 -0.0348146 0              -0.0723989 -9.29222e-17 32.8165              -4.37382e-17 -0.0557474 7.24066e-17
0.28 22.7352 0 -0.286671 0.999986 0 -0.00532311 0 1 0 0.00532311 0 0.999986  0.0158473 0 -0.00592816 0 -0.0351045 0              0.222188 -1.07895e-16 34.2458              -7.21848e-17 -0.571989 1.26664e-17
0.29 22.7354 0 -0.286731 0.999984 0 -0.00567999 0 1 0 0.00567999 0 0.999984  0.0161558 0 -0.00634856 0 -0.0360807 0              0.417852 5.84801e-17 35.019              3.52631e-17 -0.810195 -3.28109e-17
0.3 22.7355 0 -0.286783 0.999982 0 -0.00604963 0 1 0 0.00604963 0 0.999982  0.0169056 0 -0.00508557 0 -0.0375788 0              -0.188869 -3.88964e-18 32.5206              1.10636e-17 0.0553427 2.10294e-17
0.31 22.7357 0 -0.28685 0.999979 0 -0.00642445 0 1 0 0.00642445 0 0.999979  0.0169289 0 -0.00673591 0 -0.0379787 0              0.192579 6.91764e-18 34.1881              1.87733e-17 -0.533259 3.43206e-17
0.32 22.7359 0 -0.286917 0.999977 0 -0.00680959 0 1 0 0.00680959 0 0.999977  0.0172047 0 -0.00714762 0 -0.0388555 0              0.403238 -1.28136e-17 35.0815              -4.14697e-18 -0.827187 2.51664e-17
0.33 22.736 0 -0.286978 0.999974 0 -0.00720681 0 1 0 0.00720681 0 0.999974  0.0178609 0 -0.00593549 0 -0.040293 0              -0.140625 2.60391e-19 32.8275              3.1386e-19 -0.0348982 -7.14915e-18
0.34 22.7362 0 -0.287051 0.999971 0 -0.00760905 0 1 0 0.00760905 0 0.999971  0.0178959 0 -0.00730326 0 -0.0407166 0              0.12798 -6.2523e-17 34.0578              -4.72613e-17 -0.474719 -9.31802e-18
0.35 22.7364 0 -0.287126 0.999968 0 -0.00802033 0 1 0 0.00802033 0 0.999968  0.0180499 0 -0.00787987 0 -0.0414526 0              0.377022 1.31695e-16 35.0605              1.21218e-16 -0.80834 3.61062e-17
0.36 22.7366 0 -0.287194 0.999964 0 -0.00844322 0 1 0 0.00844322 0 0.999964  0.0186529 0 -0.0066664 0 -0.0428106 0              -0.172563 1.38447e-16 32.8194              1.00391e-16 -0.0303652 -2.35171e-17
0.37 22.7368 0 -0.287273 0.999961 0 -0.00887099 0 1 0 0.00887099 0 0.999961  0.018644 0 -0.00788292 0 -0.0432373 0              0.0622325 -8.09412e-17 33.8609              -5.01862e-17 -0.384955 3.08477e-17
0.38 22.7369 0 -0.287354 0.999957 0 -0.00930657 0 1 0 0.00930657 0 0.999957  0.0187406 0 -0.00853498 0 -0.0438364 0              0.348428 -6.47065e-17 35.0958              -2.95251e-17 -0.823988 4.31404e-17
0.39 22.7371 0 -0.287428 0.999952 0 -0.0097533 0 1 0 0.0097533 0 0.999952  0.0192527 0 -0.00730841 0 -0.0451408 0              -0.179222 5.10869e-17 33.0364              4.62057e-17 -0.0583369 3.62891e-17
0.4 22.7373 0 -0.287505 0.999948 0 -0.0102065 0 1 0 0.0102065 0 0.999948  0.0193257 0 -0.00753085 0 -0.0457857 0              -0.223059 2.64145e-17 32.6799              2.31014e-17 0.0257595 3.35183e-19
0.41 22.7375 0 -0.287593 0.999943 0 -0.0106637 0 1 0 0.0106637 0 0.999943  0.0191117 0 -0.00938106 0 -0.0459017 0              0.544167 -5.25335e-17 36.0405              -5.22297e-17 -1.10044 -2.64598e-20
0.42 22.7377 0 -0.287667 0.999938 0 -0.0111334 0 1 0 0.0111334 0 0.999938  0.0197213 0 -0.0074062 0 -0.0473426 0              -0.0949217 -7.33539e-17 33.3603              -3.56502e-17 -0.198075 7.05056e-17
0.43 22.7379 0 -0.287749 0.999933 0 -0.0116076 0 1 0 0.0116076 0 0.999933  0.0197807 0 -0.00774025 0 -0.0479335 -0              -0.284838 -3.76179e-17 32.5511              -4.55016e-17 0.0813907 -3.91726e-17
0.44 22.7381 0 -0.287841 0.999927 0 -0.0120848 0 1 0 0.0120848 0 0.999927  0.0194561 0 -0.00971284 0 -0.0479017 -0              0.414225 9.13825e-17 35.6074              7.98578e-17 -0.984747 2.91065e-17
0.45 22.7383 0 -0.28792 0.999921 0 -0.012574 0 1 0 0.012574 0 0.999921  0.0199309 0 -0.00805344 0 -0.0492215 0              -0.123532 -1.32139e-17 33.3528              -3.90999e-18 -0.195806 2.85619e-17
0.46 22.7385 0 -0.288004 0.999915 0 -0.0130685 0 1 0 0.0130685 0 0.999915  0.0199984 0 -0.00801591 0 -0.0499203 0              -0.317716 9.42861e-17 32.5206              6.99305e-17 0.114519 -3.94153e-17
0.47 22.7387 0 -0.2881 0.999908 0 -0.0135639 0 1 0 0.0135639 0 0.999908  0.0195929 0 -0.0101326 0 -0.0496751 0              0.396097 7.96805e-17 35.6599              5.12342e-17 -0.993911 -3.59384e-17
0.48 22.7389 0 -0.288183 0.999901 0 -0.0140709 0 1 0 0.0140709 0 0.999901  0.0199733 0 -0.00846358 0 -0.050947 0              -0.224682 9.66186e-17 32.6543              4.78554e-17 -0.00285889 -9.42529e-17
0.49 22.7391 0 -0.288278 0.999894 0 -0.0145801 0 1 0 0.0145801 0 0.999894  0.0199878 0 -0.00940627 0 -0.0512917 0              -0.26806 -8.98663e-17 32.8271              -5.08593e-17 -0.0202167 6.79316e-17
0.5 22.7393 0 -0.288382 0.999886 0 -0.0150924 0 1 0 0.0150924 0 0.999886  0.0196083 0 -0.0110229 0 -0.0513158 0              0.335724 8.76759e-18 35.4358              6.23283e-18 -0.913025 2.37663e-17
0.51 22.7395 0 -0.288477 0.999878 0 -0.0156138 0 1 0 0.0156138 0 0.999878  0.0198948 0 -0.00969949 0 -0.05239 0              -0.127197 8.31123e-17 33.3214              1.10907e-16 -0.159834 1.5773e-16
0.52 22.7397 0 -0.288578 0.99987 0 -0.0161383 0 1 0 0.0161383 0 0.99987  0.0199233 0 -0.00988517 0 -0.0528156 0              -0.340116 -4.94049e-17 32.5549              -3.28948e-17 0.0660676 2.80557e-17
0.53 22.7399 0 -0.288692 0.999861 0 -0.0166638 0 1 0 0.0166638 0 0.999861  0.0194292 0 -0.0119345 0 -0.05262 0              0.345524 5.24516e-17 35.5517              1.97615e-17 -0.958038 -4.98993e-17
0.54 22.7401 0 -0.288796 0.999852 0 -0.0171985 0 1 0 0.0171985 0 0.999852  0.019674 0 -0.0105825 0 -0.0536684 0              -0.0552813 6.36247e-17 33.7857              3.42801e-17 -0.342102 -6.91236e-17
0.55 22.7403 0 -0.288903 0.999843 0 -0.0177366 0 1 0 0.0177366 0 0.999843  0.0196812 0 -0.0104373 0 -0.0542021 -0              -0.396941 1.74469e-17 32.324              1.74863e-17 0.148383 1.39471e-18
0.56 22.7405 0 -0.289027 0.999833 0 -0.0182737 0 1 0 0.0182737 0 0.999833  0.0191109 0 -0.0128325 0 -0.0537911 0              0.903361 -1.58936e-17 38.6994              -1.54255e-17 -1.91466 3.79947e-17
0.57 22.7407 0 -0.289129 0.999823 0 -0.0188209 0 1 0 0.0188209 0 0.999823  0.0194101 0 -0.00985895 0 -0.0550442 0              -0.162026 -6.35616e-18 33.5187              -1.21162e-18 -0.224139 3.86514e-17
0.58 22.7409 0 -0.289234 0.999812 0 -0.0193713 0 1 0 0.0193713 0 0.999812  0.0194203 0 -0.00924862 0 -0.0556217 0              -0.0590797 1.80378e-16 34.0808              1.39567e-16 -0.4127 3.00769e-17
0.59 22.741 0 -0.289374 0.999802 0 -0.0199122 0 1 0 0.0199122 0 0.999802  0.0183328 0 -0.0143935 0 -0.0541507 0              0.0410276 1.18267e-16 34.0188              1.09585e-16 -0.50749 6.26997e-17
0.6 22.7412 0 -0.28946 0.99979 0 -0.0204777 0 1 0 0.0204777 0 0.99979  0.019452 0 -0.00861504 0 -0.0567771 0              -0.710771 -4.53963e-17 31.2866              -3.43044e-17 0.594173 3.48578e-17
0.61 22.7414 0 -0.289584 0.999779 0 -0.0210309 0 1 0 0.0210309 0 0.999779  0.0183426 0 -0.0125132 0 -0.0554627 0              0.404758 -1.71729e-16 36.009              -1.53327e-16 -1.06672 -6.85889e-17
0.62 22.7416 0 -0.289708 0.999767 0 -0.0215878 0 1 0 0.0215878 0 0.999767  0.0181358 0 -0.0131121 0 -0.0555636 0              1.08222 -5.38232e-17 39.3297              -4.9667e-17 -2.23632 -3.82605e-17
0.63 22.7418 0 -0.289798 0.999754 0 -0.0221602 0 1 0 0.0221602 0 0.999754  0.0191697 0 -0.00746803 0 -0.0579575 -0              -1.50901 -2.26696e-17 27.0778              -3.53059e-18 1.97698 3.8654e-17
0.64 22.742 0 -0.289926 0.999742 0 -0.0227206 0 1 0 0.0227206 0 0.999742  0.0179358 0 -0.0125913 0 -0.0562716 0              -0.0279769 -6.47654e-17 34.0993              -3.69305e-17 -0.449413 6.50669e-17
0.65 22.7422 0 -0.290053 0.999729 0 -0.0232844 0 1 0 0.0232844 0 0.999729  0.0173434 0 -0.0145199 0 -0.0558597 0              1.07896 -2.88608e-18 39.073              -2.74109e-17 -2.15587 -5.01957e-17
0.66 22.7423 0 -0.290137 0.999715 0 -0.023866 0 1 0 0.023866 0 0.999715  0.0188031 0 -0.0074401 0 -0.0586454 0              -0.977073 -1.28072e-16 29.6931              -9.67887e-17 1.12816 1.53148e-18
0.67 22.7425 0 -0.290267 0.999701 0 -0.0244324 0 1 0 0.0244324 0 0.999701  0.0176402 0 -0.0123423 0 -0.0569766 -0              -0.0379037 -1.00687e-16 34.0838              -1.09985e-16 -0.511935 -1.05095e-16
0.68 22.7427 0 -0.2904 0.999687 0 -0.0250009 0 1 0 0.0250009 0 0.999687  0.01696 0 -0.0147415 0 -0.0564838 -0              0.895057 -1.94177e-17 37.7304              -2.92317e-17 -1.75329 -4.24262e-17
0.69 22.7429 0 -0.2905 0.999673 0 -0.0255852 0 1 0 0.0255852 0 0.999673  0.0183181 0 -0.00934257 0 -0.0588381 -0              -0.885249 -1.51128e-16 29.9097              -1.26925e-16 1.01052 -3.15354e-17
0.7 22.743 0 -0.290643 0.999658 0 -0.0261549 0 1 0 0.0261549 0 0.999658  0.0172948 0 -0.0141989 0 -0.0571908 -0              -0.102192 -2.70127e-17 33.6937              -4.91572e-17 -0.355483 -3.96763e-17
0.71 22.7432 0 -0.290786 0.999643 0 -0.0267286 0 1 0 0.0267286 0 0.999643  0.0168635 0 -0.0156391 0 -0.0569938 -0              0.774891 2.22307e-16 37.5228              1.86296e-16 -1.61722 5.77663e-17
0.72 22.7434 0 -0.2909 0.999627 0 -0.0273143 0 1 0 0.0273143 0 0.999627  0.0178528 0 -0.010916 0 -0.0589037 0              -0.728462 -3.33532e-17 30.8532              -1.72497e-17 0.696653 2.87873e-17
0.73 22.7436 0 -0.291049 0.999611 0 -0.0278882 0 1 0 0.0278882 0 0.999611  0.0169793 0 -0.0145401 0 -0.0576156 0              0.0382282 7.53253e-17 34.441              4.29669e-17 -0.562584 -4.09111e-17
0.74 22.7437 0 -0.291196 0.999595 0 -0.0284641 0 1 0 0.0284641 0 0.999595  0.0165759 0 -0.0156015 0 -0.0573198 -0              0.654625 3.3291e-17 37.1542              2.07331e-17 -1.51279 -3.864e-17
0.75 22.7439 0 -0.291317 0.999578 0 -0.0290506 0 1 0 0.0290506 0 0.999578  0.017374 0 -0.0114218 0 -0.0589846 0              -0.65843 1.22448e-16 31.0882              9.13449e-17 0.624548 9.66037e-18
0.76 22.7441 0 -0.291469 0.999561 0 -0.0296258 0 1 0 0.0296258 0 0.999561  0.0165738 0 -0.0148795 0 -0.0576939 0              0.0251694 1.95636e-17 34.4722              4.68163e-17 -0.611375 1.2171e-16
0.77 22.7442 0 -0.291617 0.999544 0 -0.0302036 0 1 0 0.0302036 0 0.999544  0.0161832 0 -0.0156603 0 -0.0575385 0              0.624863 -3.21015e-16 37.1428              -2.48872e-16 -1.45167 -3.20511e-17
0.78 22.7444 0 -0.291739 0.999526 0 -0.0307909 0 1 0 0.0307909 0 0.999526  0.0169322 0 -0.0113643 0 -0.0590656 0              -0.225592 -1.00093e-16 33.188              -7.77532e-17 -0.0603367 -1.05165e-17
0.79 22.7446 0 -0.2919 0.999508 0 -0.031363 0 1 0 0.031363 0 0.999508  0.0159807 0 -0.0155665 0 -0.0574061 -0              0.318535 1.15123e-16 35.629              1.15509e-16 -1.01387 1.06905e-16
0.8 22.7447 0 -0.292041 0.99949 0 -0.0319436 0 1 0 0.0319436 0 0.99949  0.016128 0 -0.0141938 0 -0.0580465 0              0.0818743 -2.33622e-16 34.5259              -2.01403e-16 -0.55114 -6.16005e-17
0.81 22.7449 0 -0.292176 0.999471 0 -0.0325252 0 1 0 0.0325252 0 0.999471  0.0163414 0 -0.012872 0 -0.0584248 0              -0.397794 -1.0058e-16 32.6833              -2.31957e-17 0.159498 1.16675e-16
0.82 22.745 0 -0.292327 0.999452 0 -0.0330988 0 1 0 0.0330988 0 0.999452  0.0155785 0 -0.0151535 0 -0.0572875 0              0.743246 4.51066e-18 37.8234              3.21236e-17 -1.72455 6.94731e-17
0.83 22.7452 0 -0.292472 0.999433 0 -0.0336751 0 1 0 0.0336751 0 0.999433  0.0157042 0 -0.0143674 0 -0.0576553 -0              -0.598451 1.03394e-16 30.5803              1.09988e-16 0.667653 5.49037e-17
0.84 22.7454 0 -0.292595 0.999413 0 -0.0342584 0 1 0 0.0342584 0 0.999413  0.0162818 0 -0.0117397 0 -0.058556 0              -1.00948 1.26567e-16 29.4577              1.25295e-16 1.16353 1.06922e-16
0.85 22.7455 0 -0.292766 0.999394 0 -0.0348227 0 1 0 0.0348227 0 0.999394  0.0147187 0 -0.0187643 0 -0.0558796 0              1.80198 -1.23949e-17 43.1192              1.75945e-18 -3.50469 4.61602e-17
0.86 22.7457 0 -0.292902 0.999373 0 -0.0354 0 1 0 0.0354 0 0.999373  0.0157154 0 -0.0135728 0 -0.0577268 0              -0.993596 9.70428e-17 28.6272              5.56685e-17 1.41277 -2.81369e-17
0.87 22.7458 0 -0.293001 0.999352 0 -0.0359874 0 1 0 0.0359874 0 0.999352  0.0167831 0 -0.00788219 0 -0.0594114 0              -2.25393 -2.89219e-16 22.943              -2.45341e-16 3.35251 -6.85558e-17
0.88 22.746 0 -0.293218 0.999332 0 -0.0365333 0 1 0 0.0365333 0 0.999332  0.0133231 0 -0.0250383 0 -0.0533757 0              2.48308 2.80913e-16 45.9684              2.61541e-16 -4.64936 2.0042e-16
0.89 22.7461 0 -0.293315 0.999311 0 -0.0371217 0 1 0 0.0371217 0 0.999311  0.0161966 0 -0.010851 0 -0.058488 -0              -0.176281 8.90537e-17 33.2439              3.98178e-17 -0.0861253 -6.23492e-17
0.9 22.7463 0 -0.293437 0.999289 0 -0.0376986 0 1 0 0.0376986 0 0.999289  0.0166332 0 -0.00871888 0 -0.0589346 -0              -2.14321 -2.05882e-16 23.8847              -1.77473e-16 3.15555 -3.32479e-17
0.91 22.7464 0 -0.293648 0.999269 0 -0.0382417 0 1 0 0.0382417 0 0.999269  0.0134416 0 -0.0234269 0 -0.0534039 0              2.22809 2.80482e-17 44.9538              4.40912e-17 -4.25467 5.97491e-17
0.92 22.7466 0 -0.29375 0.999246 0 -0.0388227 0 1 0 0.0388227 0 0.999246  0.0158973 0 -0.0110168 0 -0.0577631 0              -0.309808 2.93493e-19 32.607              -3.31772e-17 0.106953 -8.3517e-17
0.93 22.7468 0 -0.293876 0.999224 0 -0.0393921 0 1 0 0.0393921 0 0.999224  0.0161699 0 -0.00962158 0 -0.057963 -0              -1.80169 -1.44877e-16 25.3637              -1.24546e-16 2.63812 -4.65169e-17
0.94 22.7469 0 -0.294076 0.999202 0 -0.0399326 0 1 0 0.0399326 0 0.999202  0.013539 0 -0.0220732 0 -0.0532015 -0              1.86912 1.01971e-17 43.0402              4.73576e-18 -3.64253 -6.14469e-18
0.95 22.7471 0 -0.294189 0.999179 0 -0.0405037 0 1 0 0.0405037 0 0.999179  0.0155773 0 -0.0120842 0 -0.0567718 0              -0.214937 1.82669e-16 33.0724              1.50071e-16 -0.0442994 -5.81567e-19
0.96 22.7472 0 -0.294317 0.999156 0 -0.0410654 0 1 0 0.0410654 0 0.999156  0.0159255 0 -0.0103505 0 -0.0570271 0              -1.57789 -1.02904e-16 26.4787              -9.77753e-17 2.21496 -7.89873e-17
0.97 22.7473 0 -0.294515 0.999134 0 -0.0415998 0 1 0 0.0415998 0 0.999134  0.0135359 0 -0.0215826 0 -0.0526952 0              1.6029 -1.58126e-16 41.7796              -1.6124e-16 -3.23055 -1.63837e-16
0.98 22.7475 0 -0.294637 0.999111 0 -0.0421611 0 1 0 0.0421611 0 0.999111  0.0152884 0 -0.0130395 0 -0.0558125 -0              -0.179364 7.51997e-17 33.1338              1.04426e-16 -0.0828921 1.33186e-16
0.99 22.7477 0 -0.294773 0.999087 0 -0.0427142 0 1 0 0.0427142 0 0.999087  0.0156704 0 -0.0114062 0 -0.0560535 0              -1.37528 1.25694e-16 27.5228              5.89898e-17 1.86149 -9.84194e-17
1 22.7478 0 -0.294974 0.999065 0 -0.0432413 0 1 0 0.0432413 0 0.999065  0.0134494 0 -0.0217739 0 -0.0520206 -0              1.43737 -2.09521e-16 40.9679              -1.87713e-16 -2.88703 -7.80893e-17
1.01 22.7479 0 -0.295102 0.999041 0 -0.0437933 0 1 0 0.0437933 0 0.999041  0.0151615 0 -0.0134118 0 -0.0549144 -0              -0.324249 -7.51728e-17 32.7635              -2.82361e-17 0.0871401 9.41556e-17
1.02 22.7481 0 -0.295242 0.999017 0 -0.044336 0 1 0 0.044336 0 0.999017  0.0153372 0 -0.0120178 0 -0.054879 0              -1.18805 -9.323e-17 28.92              -6.60148e-17 1.45436 -1.13165e-17
1.03 22.7482 0 -0.295431 0.998993 0 -0.0448562 0 1 0 0.0448562 0 0.998993  0.0133703 0 -0.0201805 0 -0.0513571 -0              0.984156 2.17278e-16 38.5425              1.278e-16 -2.00053 -1.15011e-16
1.04 22.7484 0 -0.295551 0.998969 0 -0.0453977 0 1 0 0.0453977 0 0.998969  0.0148915 0 -0.0124716 0 -0.0538141 -0              -0.415839 -1.67754e-16 32.3451              -1.4952e-16 0.229216 -9.15135e-17
1.05 22.7485 0 -0.295688 0.998945 0 -0.0459269 0 1 0 0.0459269 0 0.998945  0.0147483 0 -0.0124925 0 -0.0532155 -0              -0.949593 9.89546e-17 29.6351              1.09688e-16 1.07527 1.18987e-16
1.06 22.7487 0 -0.295862 0.998921 0 -0.0464399 0 1 0 0.0464399 0 0.998921  0.0133446 0 -0.018712 0 -0.0506422 0              1.10552 -2.15327e-17 39.5187              -6.42081e-17 -2.31549 -1.19037e-16
1.07 22.7488 0 -0.295984 0.998896 0 -0.0469674 0 1 0 0.0469674 0 0.998896  0.0145844 0 -0.0123857 0 -0.0525731 -0              -0.335586 1.65524e-16 32.5015              1.17867e-16 0.214808 -2.78255e-17
1.08 22.749 0 -0.296124 0.998872 0 -0.0474825 0 1 0 0.0474825 0 0.998872  0.014498 0 -0.0126137 0 -0.0517944 -0              -0.852471 7.59419e-17 30.0661              2.43016e-17 0.92485 -8.81703e-17
1.09 22.7491 0 -0.296295 0.998848 0 -0.047983 0 1 0 0.047983 0 0.998848  0.0132112 0 -0.0183214 0 -0.049433 0              0.934735 -1.53677e-16 38.5807              -1.23605e-16 -2.01777 -2.79517e-17
1.1 22.7492 0 -0.296422 0.998823 0 -0.048495 0 1 0 0.048495 0 0.998823  0.0142795 0 -0.0130065 0 -0.0509632 0              -0.307488 -1.94099e-17 32.7078              -3.28433e-17 0.0900171 -1.07487e-16
1.11 22.7494 0 -0.296562 0.998799 0 -0.0489972 0 1 0 0.0489972 0 0.998799  0.0142392 0 -0.0128496 0 -0.0504557 -0              -0.857311 -1.08584e-16 29.6923              -1.11077e-16 0.973441 -1.37929e-16
1.12 22.7495 0 -0.296743 0.998775 0 -0.0494821 0 1 0 0.0494821 0 0.998775  0.0129952 0 -0.0194221 0 -0.0478721 -0              1.02147 2.78258e-16 39.1783              2.38325e-16 -2.18549 4.14912e-17
1.13 22.7496 0 -0.296873 0.99875 0 -0.0499802 0 1 0 0.0499802 0 0.99875  0.0141144 0 -0.0133576 0 -0.0495843 0              -0.431686 1.96191e-16 31.785              1.69147e-16 0.348144 7.07647e-17
1.14 22.7498 0 -0.297027 0.998726 0 -0.050466 0 1 0 0.050466 0 0.998726  0.0140015 0 -0.0143078 0 -0.0487991 0              -0.827858 -1.97172e-16 30.1685              -1.52922e-16 0.922001 3.28189e-17
1.15 22.7499 0 -0.297208 0.998702 0 -0.050937 0 1 0 0.050937 0 0.998702  0.0128408 0 -0.0195637 0 -0.0464188 0              0.883374 1.62537e-16 38.5836              1.47495e-16 -2.01557 5.14363e-17
1.16 22.7501 0 -0.297348 0.998677 0 -0.0514183 0 1 0 0.0514183 0 0.998677  0.0138162 0 -0.0141799 0 -0.0478707 0              -0.35386 -2.85359e-16 32.49              -1.99261e-16 0.157062 -1.08398e-17
1.17 22.7502 0 -0.297502 0.998653 0 -0.0518878 0 1 0 0.0518878 0 0.998653  0.0137047 0 -0.0143618 0 -0.047126 0              -0.720147 -2.85134e-16 30.6347              -2.37005e-16 0.720459 -9.18446e-17
1.18 22.7503 0 -0.297688 0.998629 0 -0.0523414 0 1 0 0.0523414 0 0.998629  0.0124909 0 -0.0197678 0 -0.0447223 -0              0.933082 -2.71123e-16 38.6999              -2.38977e-16 -2.026 -8.37764e-17
1.19 22.7505 0 -0.297833 0.998605 0 -0.0528044 0 1 0 0.0528044 0 0.998605  0.0134116 0 -0.0146413 0 -0.0460627 0              -0.32301 -4.38982e-17 32.6349              -5.15073e-17 0.120036 -7.73733e-17
1.2 22.7506 0 -0.29799 0.998581 0 -0.0532565 0 1 0 0.0532565 0 0.998581  0.0133246 0 -0.0145271 0 -0.0453925 0              -0.89796 -1.3202e-16 29.8429              -7.56437e-17 1.06698 7.06522e-17
1.21 22.7507 0 -0.298175 0.998558 0 -0.0536922 0 1 0 0.0536922 0 0.998558  0.0121202 0 -0.0196805 0 -0.0428847 -0              0.833796 1.58592e-18 38.4928              1.16803e-17 -1.99209 4.08331e-17
1.22 22.7508 0 -0.298326 0.998534 0 -0.054135 0 1 0 0.054135 0 0.998534  0.0127793 0 -0.0154943 0 -0.0439146 -0              -0.12389 -2.26485e-16 33.7907              -1.81821e-16 -0.20432 -6.00163e-17
1.23 22.751 0 -0.298473 0.99851 0 -0.0545707 0 1 0 0.0545707 0 0.99851  0.0130202 0 -0.0133287 0 -0.0437792 -0              -0.975325 -9.94646e-17 29.7949              -8.83851e-17 1.1726 -7.69378e-17
1.24 22.7511 0 -0.298655 0.998487 0 -0.0549853 0 1 0 0.0549853 0 0.998487  0.0115284 0 -0.018998 0 -0.0408207 -0              0.678983 5.58222e-18 37.4493              9.24567e-18 -1.64101 7.8955e-17
1.25 22.7512 0 -0.298805 0.998464 0 -0.0554064 0 1 0 0.0554064 0 0.998464  0.0121206 0 -0.0155501 0 -0.0415917 -0              0.331672 -4.38596e-16 36.4058              -3.62934e-16 -1.06275 -1.14364e-16
1.26 22.7513 0 -0.29894 0.998441 0 -0.0558213 0 1 0 0.0558213 0 0.998441  0.0124465 0 -0.011881 0 -0.0417335 0              -1.08061 1.64327e-16 29.01              1.17231e-16 1.34133 -5.39587e-17
1.27 22.7514 0 -0.299118 0.998419 0 -0.056214 0 1 0 0.056214 0 0.998419  0.0109631 0 -0.0181139 0 -0.0387866 -0              0.484032 -2.65446e-16 36.799              -2.25252e-16 -1.40411 -3.05865e-17
1.28 22.7516 0 -0.299264 0.998396 0 -0.0566122 0 1 0 0.0566122 0 0.998396  0.0112276 0 -0.0154186 0 -0.0392274 -0              0.490915 3.81618e-17 36.5966              4.26765e-17 -1.23925 1.43999e-17
1.29 22.7517 0 -0.299407 0.998374 0 -0.0570026 0 1 0 0.0570026 0 0.998374  0.0116533 0 -0.013024 0 -0.0391928 0              -0.733112 -2.4067e-16 30.8853              -1.78699e-16 0.758984 5.31812e-17
1.3 22.7518 0 -0.299571 0.998353 0 -0.0573764 0 1 0 0.0573764 0 0.998353  0.0107186 0 -0.0163506 0 -0.0370561 0              0.104984 -2.71994e-16 35.0242              -2.26075e-16 -0.784373 -5.26368e-17
1.31 22.7519 0 -0.299726 0.998331 0 -0.0577468 0 1 0 0.0577468 0 0.998331  0.0104596 0 -0.0161773 0 -0.0364531 0              0.40924 -1.41238e-16 36.2978              -6.22137e-17 -1.16996 1.75831e-16
1.32 22.752 0 -0.299865 0.99831 0 -0.0581145 0 1 0 0.0581145 0 0.99831  0.0109232 0 -0.0131695 0 -0.0367123 0              -0.651337 -4.08551e-16 31.243              -3.62901e-16 0.616394 -1.29809e-16
1.33 22.7521 0 -0.300024 0.998289 0 -0.0584666 0 1 0 0.0584666 0 0.998289  0.0101504 0 -0.0157571 0 -0.034927 0              -0.0730822 -3.76535e-17 34.0813              -1.49871e-17 -0.427583 1.67955e-18
1.34 22.7522 0 -0.30018 0.998269 0 -0.0588122 0 1 0 0.0588122 0 0.998269  0.00977574 0 -0.0163152 0 -0.0339415 0              0.377325 -1.36854e-16 36.2493              -5.87521e-17 -1.15335 1.28638e-16
1.35 22.7523 0 -0.300315 0.998249 0 -0.0591567 0 1 0 0.0591567 0 0.998249  0.0101997 0 -0.0130006 0 -0.0342838 0              -0.510146 1.83928e-16 31.8711              1.85707e-16 0.386642 1.38983e-16
1.36 22.7524 0 -0.300473 0.998229 0 -0.0594844 0 1 0 0.0594844 0 0.998229  0.0095074 0 -0.0155279 0 -0.0325002 0              -0.146565 2.93265e-16 33.7181              2.35883e-16 -0.265235 6.62594e-18
1.37 22.7525 0 -0.300623 0.99821 0 -0.0598052 0 1 0 0.0598052 0 0.99821  0.00916848 0 -0.0156596 0 -0.0314564 0              0.307904 8.10772e-17 36.0372              6.56616e-17 -1.14927 -3.66371e-17
1.38 22.7526 0 -0.300762 0.998191 0 -0.0601227 0 1 0 0.0601227 0 0.998191  0.00930567 0 -0.0135342 0 -0.031515 0              -0.387387 -1.02125e-16 32.3905              -8.24869e-17 0.182744 3.67796e-18
1.39 22.7527 0 -0.300912 0.998173 0 -0.0604269 0 1 0 0.0604269 0 0.998173  0.00890781 0 -0.0146521 0 -0.0301718 0              -0.172065 1.54187e-16 33.7014              1.08895e-16 -0.249084 -8.23244e-17
1.4 22.7528 0 -0.301064 0.998155 0 -0.0607214 0 1 0 0.0607214 0 0.998155  0.00840282 0 -0.015677 0 -0.0288854 -0              0.304997 4.89515e-16 36.0111              3.67456e-16 -1.10703 -1.0048e-16
1.41 22.7529 0 -0.301201 0.998137 0 -0.0610131 0 1 0 0.0610131 0 0.998137  0.00858083 0 -0.0134355 0 -0.0288908 0              -0.325419 -5.792e-17 32.7596              -5.14437e-17 0.0743771 -4.95293e-17
1.42 22.7529 0 -0.301347 0.99812 0 -0.0612925 0 1 0 0.0612925 0 0.99812  0.00822529 0 -0.0142688 0 -0.0277014 0              -0.256768 -6.2305e-16 33.1599              -5.39129e-16 -0.0635908 -2.1658e-16
1.43 22.753 0 -0.3015 0.998103 0 -0.0615607 0 1 0 0.0615607 0 0.998103  0.00769543 0 -0.0157963 0 -0.0262436 -0              0.37097 -1.25164e-16 36.3807              -1.58795e-16 -1.17764 -2.02387e-16
1.44 22.7531 0 -0.301634 0.998087 0 -0.061826 0 1 0 0.061826 0 0.998087  0.00793964 0 -0.0131698 0 -0.0262014 -0              -0.352825 1.24324e-16 32.8147              7.79828e-17 0.071993 -3.64107e-17
1.45 22.7532 0 -0.301776 0.998071 0 -0.0620791 0 1 0 0.0620791 0 0.998071  0.00752947 0 -0.013698 0 -0.0250506 -0              -0.347148 2.01611e-16 32.6804              1.44305e-16 0.059828 -7.74614e-17
1.46 22.7532 0 -0.301928 0.998056 0 -0.0623204 0 1 0 0.0623204 0 0.998056  0.00691475 0 -0.0156963 0 -0.0235243 -0              0.355933 -2.84935e-16 36.2902              -2.68606e-16 -1.18366 -1.87272e-16
1.47 22.7533 0 -0.30206 0.998041 0 -0.0625595 0 1 0 0.0625595 0 0.998041  0.00714655 0 -0.0131454 0 -0.0235521 -0              -0.327588 7.8901e-17 32.5549              6.0448e-17 0.068077 -2.61377e-17
1.48 22.7534 0 -0.302203 0.998027 0 -0.0627872 0 1 0 0.0627872 0 0.998027  0.0068815 0 -0.0139448 0 -0.0225319 -0              -0.32275 4.74769e-17 32.8651              5.82569e-17 0.0214535 5.33991e-17
1.49 22.7534 0 -0.302354 0.998013 0 -0.0630029 0 1 0 0.0630029 0 0.998013  0.00626386 0 -0.0157571 0 -0.0209802 -0              0.408183 3.10466e-19 36.6774              5.61753e-18 -1.31192 7.82804e-17
1.5 22.7535 0 -0.302489 0.998 0 -0.0632161 0 1 0 0.0632161 0 0.998  0.00643991 0 -0.0133529 0 -0.0209704 0              -0.309815 2.38956e-16 32.831              2.23042e-16 0.0320154 1.03194e-16
1.51 22.7536 0 -0.302627 0.997987 0 -0.0634191 0 1 0 0.0634191 0 0.997987  0.00625871 0 -0.0131907 0 -0.0201098 0              -0.555578 -2.61232e-16 31.5594              -2.24377e-16 0.435257 -1.30273e-16
1.52 22.7536 0 -0.302782 0.997975 0 -0.0636078 0 1 0 0.0636078 0 0.997975  0.0054561 0 -0.0162091 0 -0.0182042 0              0.485041 4.15096e-16 36.968              3.42193e-16 -1.43423 8.13291e-17
1.53 22.7537 0 -0.302916 0.997963 0 -0.0637955 0 1 0 0.0637955 0 0.997963  0.00572057 0 -0.0135469 0 -0.018324 0              -0.155933 6.50985e-16 33.689              5.22098e-16 -0.282605 1.05543e-16
1.54 22.7537 0 -0.303049 0.997952 0 -0.0639744 0 1 0 0.0639744 0 0.997952  0.00566229 0 -0.0125255 0 -0.0177821 0              -0.42158 -2.18135e-18 32.9095              -5.63738e-17 0.194508 -2.07344e-16
1.55 22.7538 0 -0.303198 0.997941 0 -0.0641357 0 1 0 0.0641357 0 0.997941  0.0047305 0 -0.0151011 0 -0.0155648 0              0.0422655 -3.66023e-17 34.3124              -1.34321e-17 -0.650707 2.60501e-17
1.56 22.7538 0 -0.303326 0.997931 0 -0.0642968 0 1 0 0.0642968 0 0.997931  0.00494777 0 -0.0129318 0 -0.015555 0              -0.116297 -1.45835e-16 34.0025              -1.20529e-16 -0.35605 -4.89701e-17
1.57 22.7539 0 -0.303454 0.997921 0 -0.0644466 0 1 0 0.0644466 0 0.997921  0.00471471 0 -0.0125604 0 -0.0146709 0              -0.180629 2.89876e-16 33.6882              2.62015e-16 -0.24764 1.75736e-16
1.58 22.7539 0 -0.303596 0.997912 0 -0.064583 0 1 0 0.064583 0 0.997912  0.00412157 0 -0.0143255 0 -0.0131446 0              0.0605117 -7.22359e-17 34.4274              -5.14997e-17 -0.625887 -1.59158e-17
1.59 22.754 0 -0.303716 0.997904 0 -0.0647178 0 1 0 0.0647178 0 0.997904  0.00441407 0 -0.0118753 0 -0.0130762 0              -0.365389 1.70908e-16 32.8765              1.54238e-16 0.0507425 5.85169e-17
1.6 22.754 0 -0.303845 0.997896 0 -0.0648389 0 1 0 0.0648389 0 0.997896  0.00382938 0 -0.0128648 0 -0.0117033 -0              0.0558155 1.99835e-19 34.808              4.34339e-17 -0.679965 6.44918e-17
1.61 22.7541 0 -0.30398 0.997889 0 -0.06495 0 1 0 0.06495 0 0.997889  0.00346646 0 -0.0137346 0 -0.0105646 -0              0.0373436 -8.78012e-17 34.2151              -6.32003e-17 -0.619335 6.21097e-17
1.62 22.7541 0 -0.304093 0.997881 0 -0.0650607 0 1 0 0.0650607 0 0.997881  0.00385481 0 -0.010935 0 -0.0108061 0              -0.551239 2.38526e-16 31.9867              2.1317e-16 0.396529 2.48498e-16
1.63 22.7541 0 -0.304224 0.997875 0 -0.0651537 0 1 0 0.0651537 0 0.997875  0.00299936 0 -0.0132408 0 -0.00882872 0              0.200607 -9.89676e-17 35.6032              -7.93814e-17 -0.94292 -9.31035e-18
1.64 22.7542 0 -0.304349 0.99787 0 -0.0652404 0 1 0 0.0652404 0 0.99787  0.00288062 0 -0.0127767 0 -0.00806478 0              0.100039 -1.98367e-16 34.7646              -9.79986e-17 -0.789149 1.32662e-16
1.65 22.7542 0 -0.304453 0.997864 0 -0.0653246 0 1 0 0.0653246 0 0.997864  0.0031549 0 -0.00973018 0 -0.00824201 0              -0.244075 -6.66048e-17 33.7009              -5.84758e-17 -0.17773 -2.7422e-17
1.66 22.7542 0 -0.304589 0.99786 0 -0.0653879 0 1 0 0.0653879 0 0.99786  0.00217062 0 -0.0134423 0 -0.00593333 0              -0.111395 4.87288e-16 33.5203              4.05087e-16 -0.326018 7.69178e-17
1.67 22.7542 0 -0.30469 0.997855 0 -0.0654555 0 1 0 0.0654555 0 0.997855  0.00260974 0 -0.010157 0 -0.00626406 0              -0.315033 -1.83041e-16 32.7946              -1.57525e-16 0.00212077 1.46561e-17
1.68 22.7543 0 -0.304811 0.997852 0 -0.0655065 0 1 0 0.0655065 0 0.997852  0.00197579 0 -0.0122384 0 -0.004642 0              0.166465 -2.71868e-16 35.3767              -2.33353e-16 -0.90921 -1.54511e-16
1.69 22.7543 0 -0.304926 0.997849 0 -0.0655506 0 1 0 0.0655506 0 0.997849  0.00184481 0 -0.0117106 0 -0.00391189 0              0.117158 -1.3439e-16 35.0628              -1.45471e-16 -0.772491 -1.42779e-16
1.7 22.7543 0 -0.305023 0.997847 0 -0.0655914 0 1 0 0.0655914 0 0.997847  0.00211852 0 -0.00892756 0 -0.00388095 -0              -0.54599 -2.72286e-16 31.8153              -2.5467e-16 0.365444 -1.63704e-16
1.71 22.7543 0 -0.305145 0.997845 0 -0.0656146 0 1 0 0.0656146 0 0.997845  0.0012104 0 -0.0122686 0 -0.00184 -0              0.210945 -2.11613e-16 35.388              -1.10167e-16 -0.967556 1.84054e-16
1.72 22.7543 0 -0.305251 0.997844 0 -0.0656353 0 1 0 0.0656353 0 0.997844  0.00129702 0 -0.0110145 0 -0.00150098 0              0.0476547 3.6777e-16 34.5916              2.97475e-16 -0.683426 5.31026e-17
1.73 22.7543 0 -0.305346 0.997843 0 -0.0656516 0 1 0 0.0656516 0 0.997843  0.00148479 0 -0.00890932 0 -0.00146031 0              -0.44316 -1.82096e-17 32.1965              -3.08501e-17 0.254993 -6.06911e-17
1.74 22.7544 0 -0.305466 0.997843 0 -0.0656498 0 1 0 0.0656498 0 0.997843  0.000624768 0 -0.0121375 0 0.000661518 0              0.261455 -1.64399e-16 35.6711              -1.33075e-16 -1.05186 -8.0033e-17
1.75 22.7544 0 -0.305564 0.997843 0 -0.0656477 0 1 0 0.0656477 0 0.997843  0.000857648 0 -0.0100053 0 0.000719131 0              0.0461546 6.60438e-17 34.9759              6.02684e-17 -0.742197 3.03491e-17
1.76 22.7544 0 -0.305659 0.997843 0 -0.0656381 0 1 0 0.0656381 0 0.997843  0.000836606 0 -0.00865105 0 0.00110857 0              -0.67208 -1.99781e-16 30.4987              -1.82986e-16 0.771271 -2.01315e-16
1.77 22.7544 0 -0.305769 0.997845 0 -0.0656141 0 1 0 0.0656141 0 0.997845  0.000161338 0 -0.0113323 0 0.00296892 0              0.320289 2.25408e-16 36.2385              1.94742e-16 -1.21242 -7.481e-17
1.78 22.7544 0 -0.305866 0.997847 0 -0.0655859 0 1 0 0.0655859 0 0.997847  0.000146228 0 -0.0101696 0 0.00342857 0              -0.0105722 -7.44954e-17 33.944              -9.36131e-17 -0.484825 -4.13962e-17
1.79 22.7544 0 -0.305948 0.997849 0 -0.0655547 0 1 0 0.0655547 0 0.997849  0.000458497 0 -0.00749742 0 0.00328886 0              -0.213302 -1.11639e-16 33.8793              -7.98211e-17 -0.294882 3.59823e-17
1.8 22.7544 0 -0.30606 0.997852 0 -0.0655033 0 1 0 0.0655033 0 0.997852  -0.000517018 0 -0.0111686 0 0.00559235 0              0.295671 7.40216e-17 35.6324              5.0822e-17 -1.08473 -7.10065e-18
1.81 22.7544 0 -0.306144 0.997856 0 -0.0654545 0 1 0 0.0654545 0 0.997856  -6.29462e-05 0 -0.0082724 0 0.005279 0              -0.15371 2.23642e-16 33.5914              1.71097e-16 -0.284059 -5.39273e-17
1.82 22.7544 0 -0.306233 0.997859 0 -0.0653953 0 1 0 0.0653953 0 0.997859  -0.000266158 0 -0.00837458 0 0.00612201 0              -0.351215 1.61962e-16 32.5835              1.07594e-16 0.0997449 -8.13427e-17
1.83 22.7544 0 -0.306335 0.997864 0 -0.0653232 0 1 0 0.0653232 0 0.997864  -0.000885521 0 -0.0105821 0 0.00779442 0              0.261418 -6.41064e-16 35.6617              -5.2813e-16 -1.07636 -2.47505e-16
1.84 22.7544 0 -0.306412 0.997869 0 -0.0652523 0 1 0 0.0652523 0 0.997869  -0.000543119 0 -0.00767112 0 0.00751625 0              -0.26197 1.53656e-16 32.9313              9.76981e-17 -0.0466189 -1.25823e-16
1.85 22.7544 0 -0.306498 0.997874 0 -0.0651695 0 1 0 0.0651695 0 0.997874  -0.000807752 0 -0.00822773 0 0.00854998 0              -0.0939765 3.20263e-16 34.293              2.722e-16 -0.513946 2.27998e-17
1.86 22.7543 0 -0.306587 0.99788 0 -0.0650771 0 1 0 0.0650771 0 0.99788  -0.00131974 0 -0.00905339 0 0.00976005 0              0.300581 -2.65674e-16 35.8586              -2.18438e-16 -1.13819 -6.72768e-17
1.87 22.7543 0 -0.306659 0.997886 0 -0.0649825 0 1 0 0.0649825 0 0.997886  -0.000991469 0 -0.00678903 0 0.00974282 0              -0.363003 2.0488e-16 32.4172              1.20084e-16 0.121568 -1.55329e-16
1.88 22.7543 0 -0.306737 0.997893 0 -0.064878 0 1 0 0.064878 0 0.997893  -0.00131399 0 -0.00738196 0 0.01074 0              -0.252093 5.43013e-16 33.0266              4.6249e-16 -0.0954458 1.2072e-16
1.89 22.7543 0 -0.306821 0.997901 0 -0.0647631 0 1 0 0.0647631 0 0.997901  -0.00180311 0 -0.00897637 0 0.0121184 0              0.393055 -2.71581e-16 36.4213              -1.96877e-16 -1.33486 -4.30664e-17
1.9 22.7543 0 -0.306884 0.997908 0 -0.0646479 0 1 0 0.0646479 0 0.997908  -0.00141832 0 -0.00606824 0 0.0118521 0              -0.277654 -3.39406e-18 32.908              -3.72351e-17 -0.0492253 -1.50689e-16
1.91 22.7543 0 -0.306954 0.997916 0 -0.0645224 0 1 0 0.0645224 0 0.997916  -0.00167696 0 -0.00639745 0 0.0127547 0              -0.337888 1.73415e-18 32.5402              -9.00719e-18 0.081637 -2.83169e-17
1.92 22.7543 0 -0.307031 0.997925 0 -0.0643865 0 1 0 0.0643865 0 0.997925  -0.00223649 0 -0.00825486 0 0.0142 0              0.376248 -9.70607e-17 36.3723              -9.48443e-17 -1.33091 -5.28243e-17
1.93 22.7542 0 -0.307088 0.997934 0 -0.0642505 0 1 0 0.0642505 0 0.997934  -0.00191613 0 -0.00552634 0 0.0139657 0              -0.172174 4.11664e-17 33.5706              1.68879e-17 -0.305515 -5.13335e-17
1.94 22.7542 0 -0.307146 0.997943 0 -0.0641065 0 1 0 0.0641065 0 0.997943  -0.00208733 0 -0.00513193 0 0.014544 0              -0.277465 -2.03615e-16 32.5305              -1.9739e-16 0.0733 -9.98332e-17
