*************************Generated by extractMotion.sh**********************
*      Sun Mar 30 14:25:11 MDT 2025 - Case: 2D_ducky_drop
* Note: Data was extracted from log.overInterDyMFoam using extractMotion.sh
*       Can be visualized with plotMotion.py                            
****************************************************************************
Time X(x3) Orientation(x9) dX(x3) dX_angular(x3)
0.005 11.3819 0 1.19995 1 0 -1.73744e-07 0 1 0 1.73744e-07 0 1  -5.1053e-20 0 -0.0219738 0 -6.94976e-05 -0
0.01 11.3819 0 1.19973 1 0 -9.32555e-07 0 1 0 9.32555e-07 0 1  -1.73395e-06 0 -0.0658564 0 -0.000224368 -0
0.015 11.3819 0 1.19929 1 0 -2.58139e-06 0 1 0 2.58139e-06 0 1  -7.09112e-06 0 -0.109601 0 -0.000412704 -0
0.02 11.3819 0 1.19863 1 0 -5.20875e-06 0 1 0 5.20875e-06 0 1  -1.45864e-05 0 -0.153261 0 -0.000621126 -0
0.025 11.3819 0 1.19775 1 0 -8.854e-06 0 1 0 8.854e-06 0 1  -2.21035e-05 0 -0.196905 0 -0.000831829 -0
0.03 11.3819 0 1.19666 1 0 -1.35436e-05 0 1 0 1.35436e-05 0 1  -2.97663e-05 0 -0.240545 0 -0.00104273 -0
0.035 11.3819 0 1.19535 1 0 -1.92827e-05 0 1 0 1.92827e-05 0 1  -3.71663e-05 0 -0.284181 0 -0.00125295 -0
0.04 11.3819 0 1.19382 1 0 -2.60665e-05 0 1 0 2.60665e-05 0 1  -4.44749e-05 0 -0.327817 0 -0.00146149 -0
0.045 11.3819 0 1.19207 1 0 -3.38777e-05 0 1 0 3.38777e-05 0 1  -5.15897e-05 0 -0.371456 0 -0.00166572 -0
0.05 11.3819 0 1.1901 1 0 -4.26989e-05 0 1 0 4.26989e-05 0 1  -5.83122e-05 0 -0.415097 0 -0.00186577 -0
0.055 11.3819 0 1.18792 1 0 -5.25368e-05 0 1 0 5.25368e-05 0 1  -6.4469e-05 0 -0.458726 0 -0.00206834 -0
0.06 11.3819 0 1.18552 1 0 -6.33655e-05 0 1 0 6.33655e-05 0 1  -6.96027e-05 0 -0.502357 0 -0.00226587 -0
0.065 11.3819 0 1.1829 1 0 -7.51887e-05 0 1 0 7.51887e-05 0 1  -7.49767e-05 0 -0.545984 0 -0.00246366 -0
0.07 11.3819 0 1.18006 1 0 -8.7986e-05 0 1 0 8.7986e-05 0 1  -7.98588e-05 0 -0.589612 0 -0.00265754 -0
0.075 11.3819 0 1.177 1 0 -0.000101737 0 1 0 0.000101737 0 1  -8.43088e-05 0 -0.633243 0 -0.0028463 -0
0.08 11.3819 0 1.17373 1 0 -0.000116431 0 1 0 0.000116431 0 1  -8.70133e-05 0 -0.676864 0 -0.00303308 -0
0.085 11.3819 0 1.17023 1 0 -0.000132055 0 1 0 0.000132055 0 1  -8.94972e-05 0 -0.720483 0 -0.00321777 -0
0.09 11.3819 0 1.16652 1 0 -0.000148593 0 1 0 0.000148593 0 1  -9.20923e-05 0 -0.764104 0 -0.00339941 -0
0.095 11.3819 0 1.16259 1 0 -0.000166039 0 1 0 0.000166039 0 1  -9.38602e-05 0 -0.807717 0 -0.00358004 -0
0.1 11.3819 0 1.15844 1 0 -0.00018435 0 1 0 0.00018435 0 1  -9.33169e-05 0 -0.851335 0 -0.00375051 -0
0.105 11.3819 0 1.15408 1 0 -0.00020354 0 1 0 0.00020354 0 1  -9.4498e-05 0 -0.89495 0 -0.00392448 -0
0.11 11.3819 0 1.14949 1 0 -0.000223581 0 1 0 0.000223581 0 1  -9.37587e-05 0 -0.938555 0 -0.00409425 0
0.115 11.3819 0 1.14469 1 0 -0.00024444 0 1 0 0.00024444 0 1  -9.09336e-05 0 -0.982164 0 -0.00425493 0
0.12 11.3819 0 1.13967 1 0 -0.00026612 0 1 0 0.00026612 0 1  -8.95565e-05 0 -1.02577 0 -0.00441707 0
0.125 11.3819 0 1.13443 1 0 -0.00028857 0 1 0 0.00028857 0 1  -8.38553e-05 0 -1.06937 0 -0.00456916 0
0.13 11.3819 0 1.12898 1 0 -0.000311812 0 1 0 0.000311812 0 1  -8.00694e-05 0 -1.11298 0 -0.00472575 0
0.135 11.3819 0 1.1233 1 0 -0.000335821 0 1 0 0.000335821 0 1  -7.44258e-05 0 -1.15657 0 -0.00487928 0
0.14 11.3819 0 1.11741 1 0 -0.000360586 0 1 0 0.000360586 0 1  -6.79229e-05 0 -1.20016 0 -0.00502921 0
0.145 11.3819 0 1.1113 1 0 -0.000386049 0 1 0 0.000386049 0 1  -5.96662e-05 0 -1.24376 0 -0.0051647 0
0.15 11.3819 0 1.10498 1 0 -0.000412241 0 1 0 0.000412241 0 1  -5.02282e-05 0 -1.28734 0 -0.00530885 0
0.155 11.3819 0 1.09843 1 0 -0.000439097 0 1 0 0.000439097 0 1  -3.99842e-05 0 -1.33094 0 -0.00544024 0
0.16 11.3819 0 1.09167 1 0 -0.000466674 0 1 0 0.000466674 0 1  -2.92857e-05 0 -1.37451 0 -0.00558413 0
0.165 11.3819 0 1.08468 1 0 -0.000494898 0 1 0 0.000494898 0 1  -1.62691e-05 0 -1.41809 0 -0.00571305 0
0.17 11.3819 0 1.07749 1 0 -0.000523833 0 1 0 0.000523833 0 1  -4.41595e-06 0 -1.46166 0 -0.00585478 0
0.175 11.3819 0 1.07007 1 0 -0.000553433 0 1 0 0.000553433 0 1  1.08051e-05 0 -1.50522 0 -0.0059885 0
0.18 11.3819 0 1.06243 1 0 -0.000583708 0 1 0 0.000583708 0 1  2.49841e-05 0 -1.54879 0 -0.00612195 0
0.185 11.3819 0 1.05458 1 0 -0.000614633 0 1 0 0.000614633 0 1  4.29801e-05 0 -1.59234 0 -0.00625096 0
0.19 11.3819 0 1.04651 1 0 -0.000646173 0 1 0 0.000646173 0 1  6.15907e-05 0 -1.63591 0 -0.00637079 0
0.195 11.3819 0 1.03822 1 0 -0.000678403 0 1 0 0.000678403 0 1  7.77877e-05 0 -1.67946 0 -0.00651036 0
0.2 11.3819 0 1.02972 1 0 -0.000711246 0 1 0 0.000711246 0 1  0.000101215 0 -1.723 0 -0.0066343 0
0.205 11.3819 0 1.02099 1 0 -0.000744705 0 1 0 0.000744705 0 1  0.000123743 0 -1.76655 0 -0.00675357 0
0.21 11.3819 0 1.01205 1 0 -0.000778855 0 1 0 0.000778855 0 1  0.000143471 0 -1.81009 0 -0.00689431 0
0.215 11.3819 0 1.00289 1 0 -0.000813664 0 1 0 0.000813664 0 1  0.000168424 0 -1.85361 0 -0.00702982 0
0.22 11.3819 0 0.993514 1 0 -0.000849163 0 1 0 0.000849163 0 1  0.000194283 0 -1.89712 0 -0.00716838 0
0.225 11.3819 0 0.983919 1 0 -0.000885313 0 1 0 0.000885313 0 1  0.000219361 0 -1.94066 0 -0.00729709 0
0.23 11.3819 0 0.974107 1 0 -0.000922219 0 1 0 0.000922219 0 1  0.000243376 0 -1.98417 0 -0.00745126 0
0.235 11.3819 0 0.964078 1 0 -0.000959835 0 1 0 0.000959835 0 1  0.000273133 0 -2.02766 0 -0.00759746 0
0.24 11.3819 0 0.953831 1 0 -0.000998195 0 1 0 0.000998195 0 1  0.000304409 0 -2.07115 0 -0.00774602 0
0.245 11.3819 0 0.943366 0.999999 0 -0.00103736 0 1 0 0.00103736 0 0.999999  0.000334403 0 -2.11463 0 -0.0079095 0
0.25 11.3819 0 0.932684 0.999999 0 -0.00107723 0 1 0 0.00107723 0 0.999999  0.00036624 0 -2.15815 0 -0.00805068 0
0.255 11.3819 0 0.921785 0.999999 0 -0.00111791 0 1 0 0.00111791 0 0.999999  0.000398604 0 -2.20163 0 -0.0082125 0
0.26 11.3819 0 0.910668 0.999999 0 -0.00115945 0 1 0 0.00115945 0 0.999999  0.00042934 0 -2.2451 0 -0.00839207 0
0.265 11.3819 0 0.899334 0.999999 0 -0.00120188 0 1 0 0.00120188 0 0.999999  0.000462398 0 -2.28856 0 -0.00857453 0
0.27 11.3819 0 0.887782 0.999999 0 -0.00124517 0 1 0 0.00124517 0 0.999999  0.000500486 0 -2.33201 0 -0.00874959 0
0.275 11.3819 0 0.876014 0.999999 0 -0.00128936 0 1 0 0.00128936 0 0.999999  0.00054115 0 -2.37545 0 -0.00892519 0
0.28 11.3819 0 0.864028 0.999999 0 -0.00133443 0 1 0 0.00133443 0 0.999999  0.000583854 0 -2.41889 0 -0.00910427 0
0.285 11.3819 0 0.851825 0.999999 0 -0.00138041 0 1 0 0.00138041 0 0.999999  0.000628118 0 -2.46232 0 -0.00928642 0
0.29 11.3819 0 0.839405 0.999999 0 -0.00142729 0 1 0 0.00142729 0 0.999999  0.000675371 0 -2.50574 0 -0.00946738 0
0.295 11.3819 0 0.826767 0.999999 0 -0.00147512 0 1 0 0.00147512 0 0.999999  0.000722943 0 -2.54915 0 -0.00965886 0
0.3 11.3819 0 0.813913 0.999999 0 -0.00152386 0 1 0 0.00152386 0 0.999999  0.000774522 0 -2.59256 0 -0.00984356 0
0.305 11.3819 0 0.800842 0.999999 0 -0.00157356 0 1 0 0.00157356 0 0.999999  0.000825144 0 -2.63597 0 -0.0100345 0
0.31 11.3819 0 0.787553 0.999999 0 -0.00162422 0 1 0 0.00162422 0 0.999999  0.000879434 0 -2.67937 0 -0.0102272 0
0.315 11.3819 0 0.774048 0.999999 0 -0.00167583 0 1 0 0.00167583 0 0.999999  0.00093628 0 -2.72276 0 -0.0104213 0
0.32 11.3819 0 0.760326 0.999999 0 -0.00172848 0 1 0 0.00172848 0 0.999999  0.000989735 0 -2.76616 0 -0.0106306 0
0.325 11.382 0 0.746387 0.999998 0 -0.00178224 0 1 0 0.00178224 0 0.999998  0.00103727 0 -2.80956 0 -0.010861 0
0.33 11.382 0 0.73223 0.999998 0 -0.00183715 0 1 0 0.00183715 0 0.999998  0.00108802 0 -2.85294 0 -0.0110982 0
0.335 11.382 0 0.717857 0.999998 0 -0.00189312 0 1 0 0.00189312 0 0.999998  0.00114132 0 -2.89637 0 -0.0113071 0
0.34 11.382 0 0.703266 0.999998 0 -0.00194993 0 1 0 0.00194993 0 0.999998  0.00121021 0 -2.9398 0 -0.0114588 0
0.345 11.382 0 0.688459 0.999998 0 -0.00200795 0 1 0 0.00200795 0 0.999998  0.00127475 0 -2.98312 0 -0.0117046 0
0.35 11.382 0 0.673436 0.999998 0 -0.00206709 0 1 0 0.00206709 0 0.999998  0.00134781 0 -3.02642 0 -0.011946 0
0.355 11.382 0 0.658195 0.999998 0 -0.00212747 0 1 0 0.00212747 0 0.999998  0.00142151 0 -3.06973 0 -0.0121988 0
0.36 11.382 0 0.642738 0.999998 0 -0.00218933 0 1 0 0.00218933 0 0.999998  0.00147768 0 -3.11305 0 -0.0125119 0
0.365 11.382 0 0.627064 0.999997 0 -0.00225214 0 1 0 0.00225214 0 0.999997  0.00155619 0 -3.15645 0 -0.0126882 0
0.37 11.382 0 0.611174 0.999997 0 -0.00231636 0 1 0 0.00231636 0 0.999997  0.00163721 0 -3.19971 0 -0.0129626 0
0.375 11.382 0 0.595067 0.999997 0 -0.00238202 0 1 0 0.00238202 0 0.999997  0.00171751 0 -3.24295 0 -0.0132728 0
0.38 11.382 0 0.578745 0.999997 0 -0.00244938 0 1 0 0.00244938 0 0.999997  0.0017839 0 -3.28621 0 -0.0136377 0
0.385 11.382 0 0.562205 0.999997 0 -0.00251797 0 1 0 0.00251797 0 0.999997  0.00187418 0 -3.3295 0 -0.0138724 0
0.39 11.382 0 0.54545 0.999997 0 -0.00258828 0 1 0 0.00258828 0 0.999997  0.00196876 0 -3.37266 0 -0.0142089 0
0.395 11.3821 0 0.528479 0.999996 0 -0.00266062 0 1 0 0.00266062 0 0.999996  0.00203485 0 -3.41584 0 -0.0146553 0
0.4 11.3821 0 0.511291 0.999996 0 -0.00273449 0 1 0 0.00273449 0 0.999996  0.0021333 0 -3.45904 0 -0.0149654 0
0.405 11.3821 0 0.493889 0.999996 0 -0.00281051 0 1 0 0.00281051 0 0.999996  0.0022267 0 -3.50212 0 -0.0153932 0
0.41 11.3821 0 0.47627 0.999996 0 -0.0028886 0 1 0 0.0028886 0 0.999996  0.00230693 0 -3.54531 0 -0.0158302 0
0.415 11.3821 0 0.458436 0.999996 0 -0.00296882 0 1 0 0.00296882 0 0.999996  0.00241942 0 -3.58831 0 -0.0162632 0
0.42 11.3821 0 0.440387 0.999995 0 -0.00305162 0 1 0 0.00305162 0 0.999995  0.00250935 0 -3.63134 0 -0.0167991 0
0.425 11.3821 0 0.422123 0.999995 0 -0.00313686 0 1 0 0.00313686 0 0.999995  0.0026148 0 -3.67432 0 -0.017306 0
0.43 11.3821 0 0.403644 0.999995 0 -0.00322489 0 1 0 0.00322489 0 0.999995  0.00272302 0 -3.71723 0 -0.0178773 0
0.435 11.3822 0 0.384951 0.999995 0 -0.00331549 0 1 0 0.00331549 0 0.999995  0.00285312 0 -3.76011 0 -0.0183914 0
0.44 11.3822 0 0.366044 0.999994 0 -0.00340942 0 1 0 0.00340942 0 0.999994  0.00296773 0 -3.80286 0 -0.0190837 0
0.445 11.3822 0 0.346923 0.999994 0 -0.00350645 0 1 0 0.00350645 0 0.999994  0.00310899 0 -3.84553 0 -0.019737 0
0.45 11.3822 0 0.327589 0.999993 0 -0.00360745 0 1 0 0.00360745 0 0.999993  0.0032435 0 -3.88805 0 -0.0205606 0
0.455 11.3822 0 0.308044 0.999993 0 -0.00371271 0 1 0 0.00371271 0 0.999993  0.00339761 0 -3.93036 0 -0.0214726 0
0.46 11.3822 0 0.288287 0.999993 0 -0.00382264 0 1 0 0.00382264 0 0.999993  0.00357055 0 -3.97257 0 -0.0224451 0
0.465 11.3823 0 0.26832 0.999992 0 -0.00393832 0 1 0 0.00393832 0 0.999992  0.00377354 0 -4.01425 0 -0.0236669 0
0.47 11.3823 0 0.248172 0.999992 0 -0.00407571 0 1 0 0.00407571 0 0.999992  0.00380293 0 -4.04919 0 -0.0287818 0
0.475 11.3823 0 0.227957 0.999991 0 -0.0042796 0 1 0 0.0042796 0 0.999991  0.00425445 0 -4.05473 0 -0.0451695 0
0.48 11.3823 0 0.207948 0.999989 0 -0.00463471 0 1 0 0.00463471 0 0.999989  0.00587373 0 -3.99255 0 -0.0820849 0
0.485 11.3824 0 0.189046 0.999985 0 -0.00554714 0 1 0 0.00554714 0 0.999985  0.0106646 0 -3.70932 0 -0.220279 0
0.49 11.3825 0 0.17273 0.999968 0 -0.00801846 0 1 0 0.00801846 0 0.999968  0.0239907 0 -3.0598 0 -0.614877 0
0.495 11.3826 0 0.158827 0.999926 0 -0.0121536 0 1 0 0.0121536 0 0.999926  0.0390805 0 -2.47834 0 -1.03031 0
0.5 11.3829 0 0.146112 0.999858 0 -0.0168278 0 1 0 0.0168278 0 0.999858  0.0569757 0 -2.29869 0 -1.09857 0
0.505 11.3832 0 0.134022 0.999764 0 -0.021704 0 1 0 0.021704 0 0.999764  0.0739113 0 -2.30384 0 -1.03166 0
0.51 11.3836 0 0.122546 0.999641 0 -0.0267979 0 1 0 0.0267979 0 0.999641  0.0890046 0 -2.24612 0 -1.02749 0
0.515 11.3841 0 0.111535 0.999488 0 -0.0319968 0 1 0 0.0319968 0 0.999488  0.103591 0 -2.15705 0 -1.04908 0
0.52 11.3846 0 0.100821 0.999307 0 -0.037224 0 1 0 0.037224 0 0.999307  0.117663 0 -2.10072 0 -1.05534 0
0.525 11.3853 0 0.0903726 0.999098 0 -0.0424686 0 1 0 0.0424686 0 0.999098  0.130849 0 -2.05777 0 -1.05434 0
0.53 11.3859 0 0.0801439 0.998861 0 -0.0477066 0 1 0 0.0477066 0 0.998861  0.142931 0 -2.02058 0 -1.04922 0
0.535 11.3867 0 0.0701432 0.998598 0 -0.0529316 0 1 0 0.0529316 0 0.998598  0.153774 0 -1.97725 0 -1.04478 0
0.54 11.3875 0 0.0603055 0.99831 0 -0.0581093 0 1 0 0.0581093 0 0.99831  0.163631 0 -1.94702 0 -1.03372 0
0.545 11.3883 0 0.0506648 0.997998 0 -0.0632532 0 1 0 0.0632532 0 0.997998  0.172476 0 -1.90948 0 -1.02613 0
0.55 11.3892 0 0.041148 0.997662 0 -0.0683373 0 1 0 0.0683373 0 0.997662  0.180311 0 -1.88664 0 -1.01399 0
0.555 11.3901 0 0.0318054 0.997303 0 -0.0733979 0 1 0 0.0733979 0 0.997303  0.186845 0 -1.85313 0 -1.01027 0
0.56 11.3911 0 0.022609 0.99692 0 -0.0784261 0 1 0 0.0784261 0 0.99692  0.192903 0 -1.82307 0 -1.00567 0
0.565 11.392 0 0.01355 0.996513 0 -0.0834346 0 1 0 0.0834346 0 0.996513  0.198126 0 -1.79656 0 -1.00288 0
0.57 11.393 0 0.00459482 0.996084 0 -0.0884088 0 1 0 0.0884088 0 0.996084  0.203043 0 -1.77805 0 -0.99634 0
0.575 11.3941 0 -0.00427523 0.995632 0 -0.0933592 0 1 0 0.0933592 0 0.995632  0.207243 0 -1.7641 0 -0.991591 0
0.58 11.3951 0 -0.0130806 0.99516 0 -0.0982675 0 1 0 0.0982675 0 0.99516  0.21151 0 -1.75346 0 -0.983174 0
0.585 11.3962 0 -0.0217576 0.994665 0 -0.103155 0 1 0 0.103155 0 0.994665  0.215123 0 -1.72556 0 -0.979677 0
0.59 11.3972 0 -0.030334 0.994149 0 -0.10802 0 1 0 0.10802 0 0.994149  0.217851 0 -1.70267 0 -0.97654 0
0.595 11.3983 0 -0.0388022 0.993611 0 -0.112862 0 1 0 0.112862 0 0.993611  0.219886 0 -1.68206 0 -0.972617 0
0.6 11.3994 0 -0.047171 0.993051 0 -0.117687 0 1 0 0.117687 0 0.993051  0.221418 0 -1.66313 0 -0.969947 0
0.605 11.4006 0 -0.0553784 0.992471 0 -0.122478 0 1 0 0.122478 0 0.992471  0.223446 0 -1.62851 0 -0.963105 0
0.61 11.4017 0 -0.0635063 0.991873 0 -0.127231 0 1 0 0.127231 0 0.991873  0.224816 0 -1.61261 0 -0.954733 0
0.615 11.4028 0 -0.0714692 0.991257 0 -0.131948 0 1 0 0.131948 0 0.991257  0.225903 0 -1.58001 0 -0.947827 0
0.62 11.4039 0 -0.0793688 0.990623 0 -0.136622 0 1 0 0.136622 0 0.990623  0.22658 0 -1.56832 0 -0.939562 0
0.625 11.4051 0 -0.0870716 0.989976 0 -0.141233 0 1 0 0.141233 0 0.989976  0.228025 0 -1.52774 0 -0.926034 0
0.63 11.4062 0 -0.0947225 0.989316 0 -0.145788 0 1 0 0.145788 0 0.989316  0.228422 0 -1.51701 0 -0.914256 0
0.635 11.4073 0 -0.102184 0.988645 0 -0.150272 0 1 0 0.150272 0 0.988645  0.229132 0 -1.47968 0 -0.900228 0
0.64 11.4085 0 -0.109618 0.987959 0 -0.154717 0 1 0 0.154717 0 0.987959  0.228402 0 -1.47502 0 -0.89413 0
0.645 11.4096 0 -0.116863 0.987269 0 -0.159057 0 1 0 0.159057 0 0.987269  0.229942 0 -1.43804 0 -0.872375 0
0.65 11.4108 0 -0.124019 0.98657 0 -0.16334 0 1 0 0.16334 0 0.98657  0.229544 0 -1.41749 0 -0.860017 0
0.655 11.4119 0 -0.131073 0.985863 0 -0.167552 0 1 0 0.167552 0 0.985863  0.229011 0 -1.4001 0 -0.847135 0
0.66 11.4131 0 -0.137938 0.985159 0 -0.171646 0 1 0 0.171646 0 0.985159  0.229825 0 -1.35922 0 -0.822212 0
0.665 11.4142 0 -0.144726 0.984447 0 -0.175681 0 1 0 0.175681 0 0.984447  0.228458 0 -1.34328 0 -0.810163 0
0.67 11.4154 0 -0.151396 0.983735 0 -0.179624 0 1 0 0.179624 0 0.983735  0.227777 0 -1.32337 0 -0.793175 0
0.675 11.4165 0 -0.157883 0.983029 0 -0.18345 0 1 0 0.18345 0 0.983029  0.227852 0 -1.28365 0 -0.768573 0
0.68 11.4176 0 -0.1643 0.982319 0 -0.187217 0 1 0 0.187217 0 0.982319  0.225938 0 -1.26937 0 -0.75715 0
0.685 11.4188 0 -0.170573 0.981615 0 -0.190873 0 1 0 0.190873 0 0.981615  0.2252 0 -1.24329 0 -0.735745 0
0.69 11.4199 0 -0.176682 0.980921 0 -0.194408 0 1 0 0.194408 0 0.980921  0.224445 0 -1.20722 0 -0.709764 0
0.695 11.421 0 -0.182701 0.98023 0 -0.197863 0 1 0 0.197863 0 0.98023  0.222484 0 -1.18938 0 -0.693592 0
0.7 11.4221 0 -0.188619 0.979543 0 -0.201237 0 1 0 0.201237 0 0.979543  0.219328 0 -1.18486 0 -0.685551 0
0.705 11.4232 0 -0.194319 0.978879 0 -0.204439 0 1 0 0.204439 0 0.978879  0.219285 0 -1.14032 0 -0.649394 0
0.71 11.4243 0 -0.199869 0.978232 0 -0.207514 0 1 0 0.207514 0 0.978232  0.218707 0 -1.09219 0 -0.614016 0
0.715 11.4254 0 -0.205304 0.977592 0 -0.210508 0 1 0 0.210508 0 0.977592  0.215417 0 -1.06907 0 -0.599165 0
0.72 11.4265 0 -0.210544 0.976978 0 -0.213338 0 1 0 0.213338 0 0.976978  0.214123 0 -1.03275 0 -0.567381 0
0.725 11.4275 0 -0.215692 0.976376 0 -0.216077 0 1 0 0.216077 0 0.976376  0.211737 0 -1.01594 0 -0.548669 0
0.73 11.4286 0 -0.220665 0.975804 0 -0.218646 0 1 0 0.218646 0 0.975804  0.21122 0 -0.981699 0 -0.51317 0
0.735 11.4296 0 -0.225499 0.975252 0 -0.221095 0 1 0 0.221095 0 0.975252  0.208939 0 -0.951623 0 -0.487374 0
0.74 11.4307 0 -0.230272 0.974714 0 -0.223456 0 1 0 0.223456 0 0.974714  0.206224 0 -0.942525 0 -0.472446 0
0.745 11.4317 0 -0.235006 0.974195 0 -0.225709 0 1 0 0.225709 0 0.974195  0.205299 0 -0.946098 0 -0.454659 0
0.75 11.4327 0 -0.239533 0.973718 0 -0.227758 0 1 0 0.227758 0 0.973718  0.205733 0 -0.900182 0 -0.408275 0
0.755 11.4337 0 -0.243838 0.973269 0 -0.229667 0 1 0 0.229667 0 0.973269  0.20209 0 -0.839386 0 -0.374193 0
0.76 11.4347 0 -0.248177 0.972819 0 -0.231567 0 1 0 0.231567 0 0.972819  0.196677 0 -0.853307 0 -0.380373 0
0.765 11.4357 0 -0.252332 0.972421 0 -0.233234 0 1 0 0.233234 0 0.972421  0.197978 0 -0.824439 0 -0.33222 0
0.77 11.4367 0 -0.256337 0.972051 0 -0.234769 0 1 0 0.234769 0 0.972051  0.196003 0 -0.787312 0 -0.298137 0
0.775 11.4377 0 -0.260232 0.9717 0 -0.23622 0 1 0 0.23622 0 0.9717  0.190826 0 -0.764237 0 -0.285527 0
0.78 11.4386 0 -0.264031 0.971382 0 -0.237524 0 1 0 0.237524 0 0.971382  0.189077 0 -0.749056 0 -0.257182 0
0.785 11.4396 0 -0.267711 0.971098 0 -0.238679 0 1 0 0.238679 0 0.971098  0.18758 0 -0.726022 0 -0.223694 0
0.79 11.4405 0 -0.271241 0.970847 0 -0.239699 0 1 0 0.239699 0 0.970847  0.184096 0 -0.693368 0 -0.194929 0
0.795 11.4414 0 -0.274641 0.970625 0 -0.240597 0 1 0 0.240597 0 0.970625  0.179632 0 -0.665941 0 -0.171843 0
0.8 11.4423 0 -0.277957 0.970434 0 -0.241368 0 1 0 0.241368 0 0.970434  0.176652 0 -0.652006 0 -0.146405 0
0.805 11.4432 0 -0.281097 0.970284 0 -0.241968 0 1 0 0.241968 0 0.970284  0.173482 0 -0.615736 0 -0.108715 0
0.81 11.444 0 -0.284173 0.970159 0 -0.242471 0 1 0 0.242471 0 0.970159  0.169169 0 -0.603078 0 -0.0892833 0
0.815 11.4449 0 -0.287116 0.970073 0 -0.242815 0 1 0 0.242815 0 0.970073  0.165734 0 -0.57866 0 -0.0576243 0
0.82 11.4457 0 -0.289912 0.970024 0 -0.243011 0 1 0 0.243011 0 0.970024  0.161195 0 -0.546328 0 -0.0252714 0
0.825 11.4465 0 -0.292583 0.970006 0 -0.243083 0 1 0 0.243083 0 0.970006  0.155438 0 -0.520166 0 -0.000331456 0
0.83 11.4473 0 -0.295222 0.970021 0 -0.243023 0 1 0 0.243023 0 0.970021  0.152531 0 -0.518655 0 0.0257847 0
0.835 11.448 0 -0.297619 0.970086 0 -0.242763 0 1 0 0.242763 0 0.970086  0.146947 0 -0.466939 0 0.0697446 0
0.84 11.4487 0 -0.299892 0.970174 0 -0.242411 0 1 0 0.242411 0 0.970174  0.13817 0 -0.437509 0 0.0880657 0
0.845 11.4494 0 -0.302078 0.970296 0 -0.24192 0 1 0 0.24192 0 0.970296  0.132243 0 -0.425708 0 0.113319 0
0.85 11.45 0 -0.304116 0.970468 0 -0.241229 0 1 0 0.241229 0 0.970468  0.128188 0 -0.396859 0 0.158498 0
0.855 11.4507 0 -0.306008 0.970673 0 -0.240405 0 1 0 0.240405 0 0.970673  0.120087 0 -0.364437 0 0.187536 0
0.86 11.4512 0 -0.307813 0.970911 0 -0.23944 0 1 0 0.23944 0 0.970911  0.112839 0 -0.348373 0 0.213865 0
0.865 11.4518 0 -0.309379 0.971196 0 -0.238284 0 1 0 0.238284 0 0.971196  0.103937 0 -0.298314 0 0.254245 0
0.87 11.4523 0 -0.310864 0.971509 0 -0.237004 0 1 0 0.237004 0 0.971509  0.0954159 0 -0.281453 0 0.279805 0
0.875 11.4527 0 -0.3122 0.971865 0 -0.235537 0 1 0 0.235537 0 0.971865  0.0881549 0 -0.254921 0 0.318037 0
0.88 11.4532 0 -0.313371 0.972263 0 -0.233889 0 1 0 0.233889 0 0.972263  0.0800155 0 -0.219671 0 0.357593 0
0.885 11.4535 0 -0.314418 0.972694 0 -0.232091 0 1 0 0.232091 0 0.972694  0.0708563 0 -0.194531 0 0.387536 0
0.89 11.4539 0 -0.31532 0.973166 0 -0.230104 0 1 0 0.230104 0 0.973166  0.062973 0 -0.166509 0 0.425796 0
0.895 11.4542 0 -0.316058 0.973676 0 -0.227937 0 1 0 0.227937 0 0.973676  0.0543482 0 -0.132639 0 0.463813 0
0.9 11.4544 0 -0.316651 0.974219 0 -0.225605 0 1 0 0.225605 0 0.974219  0.0451136 0 -0.102899 0 0.496818 0
0.905 11.4546 0 -0.317115 0.974798 0 -0.223089 0 1 0 0.223089 0 0.974798  0.0374248 0 -0.078893 0 0.533987 0
0.91 11.4548 0 -0.317421 0.975413 0 -0.220385 0 1 0 0.220385 0 0.975413  0.029575 0 -0.047182 0 0.573386 0
0.915 11.4549 0 -0.317566 0.976057 0 -0.217514 0 1 0 0.217514 0 0.976057  0.0203827 0 -0.0133149 0 0.606885 0
0.92 11.455 0 -0.317562 0.976731 0 -0.21447 0 1 0 0.21447 0 0.976731  0.0116623 -0 0.0168039 0 0.640765 0
0.925 11.455 0 -0.317408 0.977434 0 -0.211242 0 1 0 0.211242 0 0.977434  0.00393243 -0 0.045848 0 0.67856 0
0.93 11.455 0 -0.317088 0.978168 0 -0.207818 0 1 0 0.207818 0 0.978168  -0.00364643 0 0.0794782 0 0.719497 0
0.935 11.455 0 -0.316639 0.978923 0 -0.204227 0 1 0 0.204227 0 0.978923  -0.0121232 0 0.104793 0 0.752598 0
0.94 11.4549 0 -0.316026 0.979706 0 -0.200441 0 1 0 0.200441 0 0.979706  -0.0198357 0 0.137239 0 0.791425 0
0.945 11.4548 0 -0.315258 0.98051 0 -0.19647 0 1 0 0.19647 0 0.98051  -0.0277974 0 0.169026 0 0.829027 0
0.95 11.4546 0 -0.314336 0.981334 0 -0.192313 0 1 0 0.192313 0 0.981334  -0.0358261 0 0.200064 0 0.866388 0
0.955 11.4544 0 -0.31326 0.982175 0 -0.187968 0 1 0 0.187968 0 0.982175  -0.043635 0 0.230582 0 0.903809 0
0.96 11.4542 0 -0.312031 0.983031 0 -0.183441 0 1 0 0.183441 0 0.983031  -0.0515591 0 0.261222 0 0.940032 0
0.965 11.4539 0 -0.310667 0.983893 0 -0.178757 0 1 0 0.178757 0 0.983893  -0.0601905 0 0.287345 0 0.969594 0
0.97 11.4536 0 -0.309147 0.984766 0 -0.173887 0 1 0 0.173887 0 0.984766  -0.0677272 0 0.318321 0 1.006 0
0.975 11.4532 0 -0.307486 0.985641 0 -0.168855 0 1 0 0.168855 0 0.985641  -0.0760324 0 0.346993 0 1.03879 0
0.98 11.4528 0 -0.305694 0.986514 0 -0.163676 0 1 0 0.163676 0 0.986514  -0.0852776 0 0.372241 0 1.06607 0
0.985 11.4524 0 -0.303767 0.987384 0 -0.158343 0 1 0 0.158343 0 0.987384  -0.094009 0 0.398508 0 1.0952 0
0.99 11.4519 0 -0.301697 0.988248 0 -0.15286 0 1 0 0.15286 0 0.988248  -0.102737 0 0.427946 0 1.12481 0
0.995 11.4513 0 -0.2995 0.9891 0 -0.147244 0 1 0 0.147244 0 0.9891  -0.111999 0 0.453063 0 1.15034 0
1 11.4508 0 -0.297163 0.98994 0 -0.14149 0 1 0 0.14149 0 0.98994  -0.121028 0 0.480766 0 1.17623 0
1.005 11.4501 0 -0.294672 0.990765 0 -0.135591 0 1 0 0.135591 0 0.990765  -0.1296 0 0.512662 0 1.20484 0
1.01 11.4495 0 -0.292054 0.991571 0 -0.129567 0 1 0 0.129567 0 0.991571  -0.138571 0 0.538256 0 1.2288 0
1.015 11.4488 0 -0.289286 0.992355 0 -0.123413 0 1 0 0.123413 0 0.992355  -0.147042 0 0.567505 0 1.25308 0
1.02 11.448 0 -0.286391 0.993114 0 -0.117148 0 1 0 0.117148 0 0.993114  -0.155271 0 0.593051 0 1.27377 0
1.025 11.4472 0 -0.283306 0.993846 0 -0.110768 0 1 0 0.110768 0 0.993846  -0.162905 0 0.632634 0 1.29522 0
1.03 11.4464 0 -0.280151 0.994544 0 -0.10432 0 1 0 0.10432 0 0.994544  -0.171363 0 0.644835 0 1.30588 0
1.035 11.4455 0 -0.276796 0.995208 0 -0.0977801 0 1 0 0.0977801 0 0.995208  -0.177651 0 0.684484 0 1.32213 0
1.04 11.4446 0 -0.273349 0.995835 0 -0.0911771 0 1 0 0.0911771 0 0.995835  -0.184487 0 0.704055 0 1.33365 0
1.045 11.4437 0 -0.26975 0.996422 0 -0.0845143 0 1 0 0.0845143 0 0.996422  -0.190771 0 0.732612 0 1.34355 0
1.05 11.4427 0 -0.266023 0.996969 0 -0.0778038 0 1 0 0.0778038 0 0.996969  -0.196656 0 0.759424 0 1.35136 0
1.055 11.4417 0 -0.262153 0.997473 0 -0.0710477 0 1 0 0.0710477 0 0.997473  -0.201959 0 0.788455 0 1.35915 0
1.06 11.4407 0 -0.258167 0.997934 0 -0.0642545 0 1 0 0.0642545 0 0.997934  -0.207127 0 0.810367 0 1.36539 0
1.065 11.4396 0 -0.254002 0.998349 0 -0.0574459 0 1 0 0.0574459 0 0.998349  -0.211988 0 0.847537 0 1.36654 0
1.07 11.4386 0 -0.249726 0.998718 0 -0.050612 0 1 0 0.050612 0 0.998718  -0.216556 0 0.870247 0 1.37023 0
1.075 11.4375 0 -0.245287 0.999041 0 -0.0437804 0 1 0 0.0437804 0 0.999041  -0.220742 0 0.902152 0 1.36853 0
1.08 11.4364 0 -0.240693 0.999317 0 -0.0369448 0 1 0 0.0369448 0 0.999317  -0.224135 0 0.934071 0 1.36804 0
1.085 11.4352 0 -0.236046 0.999547 0 -0.0300955 0 1 0 0.0300955 0 0.999547  -0.227318 0 0.940305 0 1.37099 0
1.09 11.4341 0 -0.2312 0.999729 0 -0.0232947 0 1 0 0.0232947 0 0.999729  -0.229497 0 0.980663 0 1.35903 0
1.095 11.4329 0 -0.226342 0.999864 0 -0.016492 0 1 0 0.016492 0 0.999864  -0.231742 0 0.982149 0 1.35782 0
1.1 11.4318 0 -0.221276 0.999952 0 -0.00976078 0 1 0 0.00976078 0 0.999952  -0.232583 0 1.02391 0 1.34246 0
1.105 11.4306 0 -0.216157 0.999995 0 -0.00307333 0 1 0 0.00307333 0 0.999995  -0.234302 0 1.03641 0 1.33164 0
1.11 11.4294 0 -0.210606 0.999994 0 0.00344235 0 1 0 -0.00344235 0 0.999994  -0.234382 0 1.13653 0 1.29157 0
1.115 11.4283 0 -0.2053 0.999949 0 0.0101123 0 1 0 -0.0101123 0 0.999949  -0.235516 0 1.07679 0 1.33001 0
1.12 11.4271 0 -0.199843 0.999862 0 0.0166279 0 1 0 -0.0166279 0 0.999862  -0.236289 0 1.08686 0 1.30361 0
1.125 11.4259 0 -0.19425 0.999736 0 0.0229865 0 1 0 -0.0229865 0 0.999736  -0.235233 0 1.12649 0 1.25901 0
1.13 11.4247 0 -0.188419 0.999574 0 0.0291971 0 1 0 -0.0291971 0 0.999574  -0.232446 0 1.18537 0 1.22567 0
1.135 11.4236 0 -0.182528 0.999374 0 0.0353727 0 1 0 -0.0353727 0 0.999374  -0.230614 0 1.19595 0 1.22523 0
1.14 11.4224 0 -0.176766 0.999136 0 0.0415614 0 1 0 -0.0415614 0 0.999136  -0.230379 0 1.15089 0 1.23753 0
1.145 11.4213 0 -0.170816 0.998872 0 0.0474907 0 1 0 -0.0474907 0 0.998872  -0.228336 0 1.1882 0 1.17776 0
1.15 11.4202 0 -0.164326 0.998594 0 0.0530017 0 1 0 -0.0530017 0 0.998594  -0.222475 0 1.32926 0 1.07199 0
1.155 11.4191 0 -0.158096 0.998273 0 0.0587421 0 1 0 -0.0587421 0 0.998273  -0.218929 0 1.26654 0 1.13535 0
1.16 11.418 0 -0.151946 0.997922 0 0.0644379 0 1 0 -0.0644379 0 0.997922  -0.216657 0 1.2118 0 1.15296 0
1.165 11.4169 0 -0.145142 0.997584 0 0.0694636 0 1 0 -0.0694636 0 0.997584  -0.210232 0 1.37326 0 0.984658 0
1.17 11.4159 0 -0.138415 0.997215 0 0.0745826 0 1 0 -0.0745826 0 0.997215  -0.203195 0 1.37539 0 0.994379 0
1.175 11.4149 0 -0.13195 0.996808 0 0.079834 0 1 0 -0.079834 0 0.996808  -0.199561 0 1.28235 0 1.05946 0
1.18 11.4139 0 -0.124905 0.996432 0 0.0843998 0 1 0 -0.0843998 0 0.996432  -0.192174 0 1.41394 0 0.899923 0
1.185 11.4129 0 -0.118154 0.996019 0 0.0891448 0 1 0 -0.0891448 0 0.996019  -0.1868 0 1.36852 0 0.922125 0
1.19 11.412 0 -0.111383 0.995598 0 0.0937249 0 1 0 -0.0937249 0 0.995598  -0.181216 0 1.34406 0 0.916284 0
1.195 11.4111 0 -0.104202 0.99521 0 0.0977576 0 1 0 -0.0977576 0 0.99521  -0.171854 0 1.44736 0 0.78498 0
1.2 11.4103 0 -0.0973533 0.994782 0 0.102024 0 1 0 -0.102024 0 0.994782  -0.166257 0 1.38114 0 0.834182 0
1.205 11.4095 0 -0.090225 0.994383 0 0.105842 0 1 0 -0.105842 0 0.994383  -0.157967 0 1.42444 0 0.756226 0
1.21 11.4087 0 -0.0831451 0.99398 0 0.109559 0 1 0 -0.109559 0 0.99398  -0.15034 0 1.42339 0 0.72465 0
1.215 11.408 0 -0.0761077 0.993577 0 0.113162 0 1 0 -0.113162 0 0.993577  -0.143123 0 1.40687 0 0.709379 0
1.22 11.4073 0 -0.0689093 0.993203 0 0.116394 0 1 0 -0.116394 0 0.993203  -0.134074 0 1.44325 0 0.629071 0
1.225 11.4066 0 -0.06187 0.992817 0 0.119642 0 1 0 -0.119642 0 0.992817  -0.127403 0 1.40857 0 0.635222 0
1.23 11.406 0 -0.0545269 0.992489 0 0.122333 0 1 0 -0.122333 0 0.992489  -0.116989 0 1.47402 0 0.517408 0
1.235 11.4055 0 -0.0472024 0.992169 0 0.124903 0 1 0 -0.124903 0 0.992169  -0.108198 0 1.47863 0 0.484429 0
1.24 11.4049 0 -0.0397562 0.991881 0 0.127172 0 1 0 -0.127172 0 0.991881  -0.0982116 0 1.49822 0 0.431321 0
1.245 11.4045 0 -0.0322952 0.991615 0 0.129224 0 1 0 -0.129224 0 0.991615  -0.0896588 0 1.49929 0 0.38767 0
1.25 11.404 0 -0.0248951 0.991362 0 0.131158 0 1 0 -0.131158 0 0.991362  -0.0823064 0 1.47806 0 0.371974 0
1.255 11.4037 0 -0.0173769 0.991165 0 0.132636 0 1 0 -0.132636 0 0.991165  -0.0721363 0 1.50375 0 0.272344 0
1.26 11.4033 0 -0.00996823 0.990978 0 0.134023 0 1 0 -0.134023 0 0.990978  -0.064853 0 1.48254 0 0.250838 0
1.265 11.403 0 -0.00250712 0.990841 0 0.135033 0 1 0 -0.135033 0 0.990841  -0.0551787 0 1.48916 0 0.179868 0
1.27 11.4028 0 0.00489097 0.990729 0 0.135854 0 1 0 -0.135854 0 0.990729  -0.0468594 0 1.47674 0 0.140554 0
1.275 11.4026 0 0.012314 0.990665 0 0.136322 0 1 0 -0.136322 0 0.990665  -0.0367366 0 1.4824 0 0.0673926 0
1.28 11.4024 0 0.0196864 0.990629 0 0.136581 0 1 0 -0.136581 0 0.990629  -0.0276123 0 1.473 0 0.0240489 0
1.285 11.4023 0 0.0269997 0.990624 0 0.136616 0 1 0 -0.136616 0 0.990624  -0.0193542 0 1.45735 0 -0.0151574 0
1.29 11.4022 0 0.0342784 0.990655 0 0.136394 0 1 0 -0.136394 0 0.990655  -0.00993024 0 1.44934 0 -0.0663563 0
1.295 11.4022 0 0.0414283 0.990702 0 0.136052 0 1 0 -0.136052 0 0.990702  -0.00296564 0 1.4203 0 -0.0862199 0
1.3 11.4022 0 0.0485261 0.990783 0 0.135458 0 1 0 -0.135458 0 0.990783  0.00629144 -0 1.41009 0 -0.138278 0
1.305 11.4022 0 0.0555512 0.990892 0 0.134658 0 1 0 -0.134658 0 0.990892  0.0153109 -0 1.39918 0 -0.185312 0
1.31 11.4023 0 0.0623839 0.991007 0 0.133813 0 1 0 -0.133813 0 0.991007  0.0202087 -0 1.35502 0 -0.185936 0
1.315 11.4024 0 0.0691702 0.991154 0 0.132719 0 1 0 -0.132719 0 0.991154  0.0288543 -0 1.34339 0 -0.23306 0
1.32 11.4026 0 0.0758181 0.991315 0 0.131505 0 1 0 -0.131505 0 0.991315  0.0355882 -0 1.3183 0 -0.260812 0
1.325 11.4028 0 0.0824237 0.991508 0 0.130048 0 1 0 -0.130048 0 0.991508  0.0445035 -0 1.31376 0 -0.314696 0
1.33 11.403 0 0.0888937 0.991713 0 0.128473 0 1 0 -0.128473 0 0.991713  0.0503877 -0 1.28703 0 -0.338382 0
1.335 11.4033 0 0.0952729 0.991937 0 0.126728 0 1 0 -0.126728 0 0.991937  0.0567393 -0 1.26502 0 -0.367042 0
1.34 11.4036 0 0.101493 0.992169 0 0.124903 0 1 0 -0.124903 0 0.992169  0.0618757 0 1.23234 0 -0.381565 0
1.345 11.4039 0 0.107608 0.992415 0 0.122934 0 1 0 -0.122934 0 0.992415  0.0679996 0 1.20967 0 -0.407771 0
1.35 11.4043 0 0.11356 0.992665 0 0.120899 0 1 0 -0.120899 0 0.992665  0.0729265 0 1.17556 0 -0.418733 0
1.355 11.4047 0 0.119388 0.992923 0 0.118757 0 1 0 -0.118757 0 0.992923  0.0786928 0 1.15088 0 -0.439911 0
1.36 11.4051 0 0.125058 0.993185 0 0.116546 0 1 0 -0.116546 0 0.993185  0.0837327 -0 1.12108 0 -0.455413 0
1.365 11.4055 0 0.130576 0.993451 0 0.114262 0 1 0 -0.114262 0 0.993451  0.0886909 0 1.08892 0 -0.467728 0
1.37 11.4059 0 0.135944 0.993719 0 0.111908 0 1 0 -0.111908 0 0.993719  0.0935216 0 1.0583 0 -0.480393 0
1.375 11.4064 0 0.141113 0.993984 0 0.109528 0 1 0 -0.109528 0 0.993984  0.097645 0 1.01734 0 -0.484435 0
1.38 11.4069 0 0.146149 0.994251 0 0.107075 0 1 0 -0.107075 0 0.994251  0.102842 -0 0.991273 0 -0.499328 0
1.385 11.4074 0 0.150986 0.994514 0 0.104605 0 1 0 -0.104605 0 0.994514  0.107221 0 0.953093 0 -0.503184 0
1.39 11.408 0 0.155665 0.994775 0 0.102092 0 1 0 -0.102092 0 0.994775  0.111738 0 0.919872 0 -0.509639 0
1.395 11.4086 0 0.160168 0.995033 0 0.0995488 0 1 0 -0.0995488 0 0.995033  0.115755 0 0.883201 0 -0.514264 0
1.4 11.4091 0 0.164476 0.995285 0 0.0969959 0 1 0 -0.0969959 0 0.995285  0.119612 -0 0.841118 0 -0.513533 0
1.405 11.4098 0 0.168643 0.995534 0 0.0944019 0 1 0 -0.0944019 0 0.995534  0.12408 0 0.816014 0 -0.523204 0
1.41 11.4104 0 0.172603 0.995776 0 0.0918151 0 1 0 -0.0918151 0 0.995776  0.127891 0 0.775929 0 -0.522141 0
1.415 11.411 0 0.176416 0.996014 0 0.0891987 0 1 0 -0.0891987 0 0.996014  0.131689 0 0.744604 0 -0.526228 0
1.42 11.4117 0 0.18 0.996243 0 0.0866069 0 1 0 -0.0866069 0 0.996243  0.135008 -0 0.696734 0 -0.519726 0
1.425 11.4124 0 0.18347 0.996468 0 0.0839788 0 1 0 -0.0839788 0 0.996468  0.138835 -0 0.676625 0 -0.527864 0
1.43 11.4131 0 0.186767 0.996685 0 0.0813515 0 1 0 -0.0813515 0 0.996685  0.14206 -0 0.645969 0 -0.52938 0
1.435 11.4138 0 0.189843 0.996895 0 0.0787454 0 1 0 -0.0787454 0 0.996895  0.145105 -0 0.596875 0 -0.522369 0
1.44 11.4145 0 0.192802 0.997098 0 0.0761291 0 1 0 -0.0761291 0 0.997098  0.148704 -0 0.573998 0 -0.52373 0
1.445 11.4153 0 0.195537 0.997293 0 0.0735327 0 1 0 -0.0735327 0 0.997293  0.15142 -0 0.530009 0 -0.520058 0
1.45 11.4161 0 0.198068 0.99748 0 0.0709487 0 1 0 -0.0709487 0 0.99748  0.154077 0 0.485022 0 -0.516573 0
1.455 11.4168 0 0.200498 0.997661 0 0.0683604 0 1 0 -0.0683604 0 0.997661  0.157167 0 0.469272 0 -0.518199 0
1.46 11.4176 0 0.202755 0.997834 0 0.0657754 0 1 0 -0.0657754 0 0.997834  0.159564 0 0.439163 0 -0.518349 0
1.465 11.4184 0 0.204847 0.998001 0 0.0631934 0 1 0 -0.0631934 0 0.998001  0.161944 -0 0.403747 0 -0.517401 0
1.47 11.4192 0 0.206723 0.998162 0 0.0606101 0 1 0 -0.0606101 0 0.998162  0.164021 0 0.356389 0 -0.517457 0
1.475 11.4201 0 0.208479 0.998315 0 0.0580332 0 1 0 -0.0580332 0 0.998315  0.166578 -0 0.334028 0 -0.51592 0
1.48 11.4209 0 0.210073 0.998461 0 0.0554583 0 1 0 -0.0554583 0 0.998461  0.168757 0 0.305594 0 -0.515279 0
1.485 11.4218 0 0.211483 0.998601 0 0.0528785 0 1 0 -0.0528785 0 0.998601  0.170762 0 0.266528 0 -0.516678 0
1.49 11.4226 0 0.21274 0.998734 0 0.0503055 0 1 0 -0.0503055 0 0.998734  0.172989 -0 0.234157 0 -0.515266 0
1.495 11.4235 0 0.213853 0.99886 0 0.0477399 0 1 0 -0.0477399 0 0.99886  0.175082 -0 0.206915 0 -0.513133 0
1.5 11.4244 0 0.21483 0.998979 0 0.045188 0 1 0 -0.045188 0 0.998979  0.177057 -0 0.1817 0 -0.509741 0
1.505 11.4253 0 0.215682 0.99909 0 0.0426508 0 1 0 -0.0426508 0 0.99909  0.178743 0 0.158788 0 -0.50604 0
1.51 11.4261 0 0.216377 0.999195 0 0.0401157 0 1 0 -0.0401157 0 0.999195  0.180243 -0 0.126992 0 -0.505711 0
1.515 11.4271 0 0.216912 0.999293 0 0.0375876 0 1 0 -0.0375876 0 0.999293  0.18189 0 0.0921936 0 -0.505176 0
1.52 11.428 0 0.217319 0.999384 0 0.0350824 0 1 0 -0.0350824 0 0.999384  0.183509 -0 0.0662628 0 -0.500152 0
1.525 11.4289 0 0.217593 0.999469 0 0.0325949 0 1 0 -0.0325949 0 0.999469  0.184857 0 0.0413921 0 -0.495658 0
1.53 11.4298 0 0.217724 0.999546 0 0.0301182 0 1 0 -0.0301182 0 0.999546  0.185967 -0 0.0132323 0 -0.493813 0
1.535 11.4307 0 0.217723 0.999618 0 0.0276538 0 1 0 -0.0276538 0 0.999618  0.186991 0 -0.0141319 0 -0.492178 0
1.54 11.4317 0 0.217607 0.999682 0 0.0252069 0 1 0 -0.0252069 0 0.999682  0.187926 0 -0.0365392 0 -0.488512 0
1.545 11.4326 0 0.217352 0.999741 0 0.022759 0 1 0 -0.022759 0 0.999741  0.188804 0 -0.0637152 0 -0.488904 0
1.55 11.4336 0 0.21698 0.999794 0 0.0203131 0 1 0 -0.0203131 0 0.999794  0.189608 0 -0.0870642 0 -0.489337 0
1.555 11.4345 0 0.216479 0.999841 0 0.0178504 0 1 0 -0.0178504 0 0.999841  0.190288 0 -0.112487 0 -0.49358 0
1.56 11.4355 0 0.215868 0.999882 0 0.0153679 0 1 0 -0.0153679 0 0.999882  0.190956 0 -0.134333 0 -0.498601 0
1.565 11.4364 0 0.215145 0.999917 0 0.0128585 0 1 0 -0.0128585 0 0.999917  0.191535 0 -0.155648 0 -0.504511 0
1.57 11.4374 0 0.214318 0.999947 0 0.0103076 0 1 0 -0.0103076 0 0.999947  0.191973 0 -0.176172 0 -0.513707 0
1.575 11.4383 0 0.21339 0.99997 0 0.00770931 0 1 0 -0.00770931 0 0.99997  0.192292 0 -0.195627 0 -0.524294 0
1.58 11.4393 0 0.212369 0.999987 0 0.00505104 0 1 0 -0.00505104 0 0.999987  0.192529 0 -0.21379 0 -0.537253 0
1.585 11.4403 0 0.211255 0.999997 0 0.0023217 0 1 0 -0.0023217 0 0.999997  0.192575 0 -0.231864 -0 -0.552575 0
1.59 11.4412 0 0.210046 1 0 -0.000477981 0 1 0 0.000477981 0 1  0.192474 0 -0.251171 0 -0.567199 -0
1.595 11.4422 0 0.208745 0.999994 0 -0.0033466 0 1 0 0.0033466 0 0.999994  0.192341 0 -0.269634 0 -0.580793 -0
1.6 11.4432 0 0.207363 0.99998 0 -0.00629017 0 1 0 0.00629017 0 0.99998  0.192157 0 -0.284467 0 -0.595963 -0
1.605 11.4441 0 0.205906 0.999957 0 -0.00932355 0 1 0 0.00932355 0 0.999957  0.191611 0 -0.298287 0 -0.615106 -0
1.61 11.4451 0 0.204401 0.999922 0 -0.0124579 0 1 0 0.0124579 0 0.999922  0.19097 0 -0.306733 0 -0.636732 -0
1.615 11.446 0 0.202823 0.999877 0 -0.0156821 0 1 0 0.0156821 0 0.999877  0.190225 0 -0.321473 0 -0.654767 -0
1.62 11.447 0 0.201182 0.999819 0 -0.0190025 0 1 0 0.0190025 0 0.999819  0.189456 0 -0.334822 0 -0.673558 -0
1.625 11.4479 0 0.199472 0.999749 0 -0.0224177 0 1 0 0.0224177 0 0.999749  0.188632 0 -0.348649 0 -0.69266 -0
1.63 11.4489 0 0.197678 0.999664 0 -0.0259159 0 1 0 0.0259159 0 0.999664  0.187732 0 -0.366555 0 -0.708756 -0
1.635 11.4498 0 0.195807 0.999565 0 -0.0294999 0 1 0 0.0294999 0 0.999565  0.186786 0 -0.382522 0 -0.725408 -0
1.64 11.4507 0 0.193867 0.99945 0 -0.0331674 0 1 0 0.0331674 0 0.99945  0.185767 0 -0.395517 0 -0.742206 -0
1.645 11.4517 0 0.191857 0.999318 0 -0.0369182 0 1 0 0.0369182 0 0.999318  0.184603 0 -0.408737 0 -0.758987 -0
1.65 11.4526 0 0.189744 0.99917 0 -0.0407386 0 1 0 0.0407386 0 0.99917  0.183294 0 -0.431056 0 -0.772362 -0
1.655 11.4535 0 0.1876 0.999003 0 -0.0446496 0 1 0 0.0446496 0 0.999003  0.181948 0 -0.435897 0 -0.790802 0
1.66 11.4544 0 0.185322 0.998818 0 -0.0486166 0 1 0 0.0486166 0 0.998818  0.180486 0 -0.463542 0 -0.801705 -0
1.665 11.4553 0 0.182997 0.998612 0 -0.0526651 0 1 0 0.0526651 0 0.998612  0.17895 0 -0.474413 0 -0.817523 -0
1.67 11.4562 0 0.180605 0.998386 0 -0.056796 0 1 0 0.056796 0 0.998386  0.177203 0 -0.485151 0 -0.835378 -0
1.675 11.4571 0 0.178153 0.998138 0 -0.0610033 0 1 0 0.0610033 0 0.998138  0.175583 0 -0.496231 0 -0.851188 0
1.68 11.4579 0 0.175643 0.997867 0 -0.0652868 0 1 0 0.0652868 0 0.997867  0.173991 0 -0.507649 0 -0.866256 0
1.685 11.4588 0 0.173085 0.997572 0 -0.069639 0 1 0 0.069639 0 0.997572  0.172482 0 -0.517098 0 -0.879687 0
1.69 11.4597 0 0.170483 0.997254 0 -0.0740597 0 1 0 0.0740597 0 0.997254  0.170874 0 -0.525287 0 -0.893265 0
1.695 11.4605 0 0.167845 0.996911 0 -0.0785415 0 1 0 0.0785415 0 0.996911  0.169319 0 -0.531691 0 -0.905484 0
1.7 11.4614 0 0.16515 0.996543 0 -0.0830801 0 1 0 0.0830801 0 0.996543  0.167808 0 -0.543135 0 -0.916717 0
1.705 11.4622 0 0.162418 0.996149 0 -0.0876757 0 1 0 0.0876757 0 0.996149  0.166125 0 -0.551087 0 -0.928278 0
1.71 11.463 0 0.159605 0.995729 0 -0.0923231 0 1 0 0.0923231 0 0.995729  0.164561 0 -0.568663 0 -0.938888 0
1.715 11.4638 0 0.156742 0.995282 0 -0.0970201 0 1 0 0.0970201 0 0.995282  0.16297 0 -0.579353 0 -0.948895 0
1.72 11.4646 0 0.153926 0.994809 0 -0.101762 0 1 0 0.101762 0 0.994809  0.160969 0 -0.563714 0 -0.957977 0
1.725 11.4654 0 0.151017 0.994308 0 -0.106542 0 1 0 0.106542 0 0.994308  0.159347 0 -0.582058 0 -0.965556 0
1.73 11.4662 0 0.148001 0.99378 0 -0.11136 0 1 0 0.11136 0 0.99378  0.158049 0 -0.612455 0 -0.973287 0
1.735 11.467 0 0.145104 0.993226 0 -0.116196 0 1 0 0.116196 0 0.993226  0.156044 0 -0.581877 0 -0.976541 0
1.74 11.4678 0 0.142081 0.992645 0 -0.12106 0 1 0 0.12106 0 0.992645  0.154675 0 -0.603706 0 -0.982077 0
1.745 11.4686 0 0.138986 0.992038 0 -0.125941 0 1 0 0.125941 0 0.992038  0.153568 0 -0.627779 0 -0.986289 0
1.75 11.4693 0 0.13595 0.991406 0 -0.130819 0 1 0 0.130819 0 0.991406  0.152113 0 -0.611296 0 -0.984998 0
1.755 11.4701 0 0.132851 0.99075 0 -0.135698 0 1 0 0.135698 0 0.99075  0.151191 0 -0.61918 0 -0.984436 0
1.76 11.4708 0 0.129715 0.990071 0 -0.140569 0 1 0 0.140569 0 0.990071  0.150354 0 -0.630496 0 -0.983258 0
1.765 11.4716 0 0.126621 0.989373 0 -0.145402 0 1 0 0.145402 0 0.989373  0.149415 0 -0.620362 0 -0.974946 0
1.77 11.4723 0 0.123458 0.988652 0 -0.150223 0 1 0 0.150223 0 0.988652  0.148428 0 -0.634004 0 -0.972532 0
1.775 11.4731 0 0.120257 0.987911 0 -0.15502 0 1 0 0.15502 0 0.987911  0.147245 0 -0.644598 0 -0.96889 0
1.78 11.4738 0 0.117076 0.987155 0 -0.159767 0 1 0 0.159767 0 0.987155  0.145988 0 -0.638123 0 -0.958106 0
1.785 11.4745 0 0.113846 0.98638 0 -0.164482 0 1 0 0.164482 0 0.98638  0.1448 0 -0.646947 0 -0.951513 0
1.79 11.4753 0 0.110664 0.985596 0 -0.169117 0 1 0 0.169117 0 0.985596  0.143439 0 -0.637685 0 -0.935418 0
1.795 11.476 0 0.107476 0.984799 0 -0.173696 0 1 0 0.173696 0 0.984799  0.141987 0 -0.637242 0 -0.923817 0
1.8 11.4767 0 0.104234 0.983987 0 -0.17824 0 1 0 0.17824 0 0.983987  0.140724 0 -0.650659 0 -0.918524 0
1.805 11.4774 0 0.101014 0.983169 0 -0.1827 0 1 0 0.1827 0 0.983169  0.139695 0 -0.646335 0 -0.901469 0
1.81 11.4781 0 0.0978136 0.982345 0 -0.187079 0 1 0 0.187079 0 0.982345  0.138358 0 -0.638464 0 -0.883419 0
1.815 11.4788 0 0.0946238 0.981515 0 -0.191387 0 1 0 0.191387 0 0.981515  0.136658 0 -0.635471 0 -0.869507 0
1.82 11.4794 0 0.091402 0.980674 0 -0.195651 0 1 0 0.195651 0 0.980674  0.135031 0 -0.644922 0 -0.863276 0
1.825 11.4801 0 0.0882152 0.979834 0 -0.199812 0 1 0 0.199812 0 0.979834  0.13375 0 -0.637992 0 -0.84245 0
1.83 11.4808 0 0.0850335 0.978994 0 -0.203889 0 1 0 0.203889 0 0.978994  0.132471 0 -0.63459 0 -0.823175 0
1.835 11.4814 0 0.081803 0.978147 0 -0.207916 0 1 0 0.207916 0 0.978147  0.131229 0 -0.647517 0 -0.815735 0
