*************************Generated by extractLog.sh*************************
*      Tue Nov  5 10:48:15 MST 2024. Case: 2D_ducky_drop_test/
* Note: Data was extracted from log.overInterDyMFoam using extractLog.sh
*       Can be visualized with plotMotion.py and/or plotForces.py
****************************************************************************
Time X(x3) Orientation(x9) dX(x3) dX_angular(x3) Force(x3) Moment(x3)
0.005 11.3819 0 1.19995 1 0 -1.73744e-07 0 1 0 1.73744e-07 0 1  -5.1053e-20 0 -0.0219738 0 -6.94976e-05 -0              -0.00056108 1.59456e-19 0.0747221              -9.45316e-07 -0.00291497 -7.09827e-09
0.01 11.3819 0 1.19973 1 0 -9.32555e-07 0 1 0 9.32555e-07 0 1  -1.73395e-06 0 -0.0658564 0 -0.000224368 -0              -0.0016614 -7.30374e-20 0.116833              -1.47807e-06 -0.00360554 -2.10185e-08
0.015 11.3819 0 1.19929 1 0 -2.58139e-06 0 1 0 2.58139e-06 0 1  -7.09112e-06 0 -0.109601 0 -0.000412704 -0              -0.00218741 -2.39232e-20 0.137997              -1.74581e-06 -0.00394203 -2.76732e-08
0.02 11.3819 0 1.19863 1 0 -5.20875e-06 0 1 0 5.20875e-06 0 1  -1.45864e-05 0 -0.153261 0 -0.000621126 -0              -0.00207053 1.20079e-19 0.138222              -1.74866e-06 -0.00391181 -2.61944e-08
0.025 11.3819 0 1.19775 1 0 -8.854e-06 0 1 0 8.854e-06 0 1  -2.21035e-05 0 -0.196905 0 -0.000831829 -0              -0.00208871 -3.26015e-19 0.138117              -1.74733e-06 -0.00388981 -2.64245e-08
0.03 11.3819 0 1.19666 1 0 -1.35436e-05 0 1 0 1.35436e-05 0 1  -2.97663e-05 0 -0.240545 0 -0.00104273 -0              -0.00199009 2.7561e-19 0.138542              -1.75271e-06 -0.0038662 -2.51768e-08
0.035 11.3819 0 1.19535 1 0 -1.92827e-05 0 1 0 1.92827e-05 0 1  -3.71663e-05 0 -0.284181 0 -0.00125295 -0              -0.00196559 -4.8612e-20 0.13862              -1.7537e-06 -0.00382603 -2.48669e-08
0.04 11.3819 0 1.19382 1 0 -2.60665e-05 0 1 0 2.60665e-05 0 1  -4.44749e-05 0 -0.327817 0 -0.00146149 -0              -0.00190665 1.0363e-19 0.137458              -1.73899e-06 -0.00373219 -2.41212e-08
0.045 11.3819 0 1.19207 1 0 -3.38777e-05 0 1 0 3.38777e-05 0 1  -5.15897e-05 0 -0.371456 0 -0.00166572 -0              -0.00178661 -3.55598e-20 0.136708              -1.72951e-06 -0.0036498 -2.26026e-08
0.05 11.3819 0 1.1901 1 0 -4.26989e-05 0 1 0 4.26989e-05 0 1  -5.83122e-05 0 -0.415097 0 -0.00186577 -0              -0.00162169 -3.72386e-20 0.140814              -1.78145e-06 -0.00371728 -2.05162e-08
0.055 11.3819 0 1.18792 1 0 -5.25368e-05 0 1 0 5.25368e-05 0 1  -6.4469e-05 0 -0.458726 0 -0.00206834 -0              -0.00131795 -3.15606e-19 0.139841              -1.76914e-06 -0.00360198 -1.66735e-08
0.06 11.3819 0 1.18552 1 0 -6.33655e-05 0 1 0 6.33655e-05 0 1  -6.96027e-05 0 -0.502357 0 -0.00226587 -0              -0.00144619 2.07082e-19 0.140961              -1.7833e-06 -0.00361537 -1.82958e-08
0.065 11.3819 0 1.1829 1 0 -7.51887e-05 0 1 0 7.51887e-05 0 1  -7.49767e-05 0 -0.545984 0 -0.00246366 -0              -0.00128589 -2.04161e-19 0.140586              -1.77856e-06 -0.00352862 -1.62679e-08
0.07 11.3819 0 1.18006 1 0 -8.7986e-05 0 1 0 8.7986e-05 0 1  -7.98588e-05 0 -0.589612 0 -0.00265754 -0              -0.00116218 1.37021e-19 0.139636              -1.76655e-06 -0.00342526 -1.47028e-08
0.075 11.3819 0 1.177 1 0 -0.000101737 0 1 0 0.000101737 0 1  -8.43088e-05 0 -0.633243 0 -0.0028463 -0              -0.000622618 2.555e-19 0.142868              -1.80744e-06 -0.00340725 -7.87679e-09
0.08 11.3819 0 1.17373 1 0 -0.000116431 0 1 0 0.000116431 0 1  -8.70133e-05 0 -0.676864 0 -0.00303308 -0              -0.000635854 1.13142e-19 0.143171              -1.81126e-06 -0.0033693 -8.04424e-09
0.085 11.3819 0 1.17023 1 0 -0.000132055 0 1 0 0.000132055 0 1  -8.94972e-05 0 -0.720483 0 -0.00321777 -0              -0.00069297 2.45416e-19 0.142259              -1.79973e-06 -0.00330424 -8.76682e-09
0.09 11.3819 0 1.16652 1 0 -0.000148593 0 1 0 0.000148593 0 1  -9.20923e-05 0 -0.764104 0 -0.00339941 -0              -0.000428718 -2.02269e-19 0.144911              -1.83328e-06 -0.00329809 -5.42374e-09
0.095 11.3819 0 1.16259 1 0 -0.000166039 0 1 0 0.000166039 0 1  -9.38602e-05 0 -0.807717 0 -0.00358004 -0              0.000276274 -3.64905e-19 0.14331              -1.81302e-06 -0.00310557 3.49517e-09
0.1 11.3819 0 1.15844 1 0 -0.00018435 0 1 0 0.00018435 0 1  -9.33169e-05 0 -0.851335 0 -0.00375051 -0              -0.000382049 -2.9942e-19 0.144206              -1.82436e-06 -0.00318411 -4.83334e-09
0.105 11.3819 0 1.15408 1 0 -0.00020354 0 1 0 0.00020354 0 1  -9.4498e-05 0 -0.89495 0 -0.00392448 -0              0.000291265 -2.31962e-19 0.147053              -1.86038e-06 -0.00311646 3.68482e-09
0.11 11.3819 0 1.14949 1 0 -0.000223581 0 1 0 0.000223581 0 1  -9.37587e-05 0 -0.938555 0 -0.00409425 0              0.000886325 -1.41952e-19 0.145776              -1.84422e-06 -0.00296115 1.1213e-08
0.115 11.3819 0 1.14469 1 0 -0.00024444 0 1 0 0.00024444 0 1  -9.09336e-05 0 -0.982164 0 -0.00425493 0              0.000320859 -1.265e-19 0.145548              -1.84134e-06 -0.00299252 4.05921e-09
0.12 11.3819 0 1.13967 1 0 -0.00026612 0 1 0 0.00026612 0 1  -8.95565e-05 0 -1.02577 0 -0.00441707 0              0.00176174 -3.54976e-19 0.148376              -1.87711e-06 -0.00286146 2.22879e-08
0.125 11.3819 0 1.13443 1 0 -0.00028857 0 1 0 0.00028857 0 1  -8.38553e-05 0 -1.06937 0 -0.00456916 0              0.000963766 8.8663e-20 0.148005              -1.87242e-06 -0.00294696 1.21927e-08
0.13 11.3819 0 1.12898 1 0 -0.000311812 0 1 0 0.000311812 0 1  -8.00694e-05 0 -1.11298 0 -0.00472575 0              0.00161119 2.31045e-19 0.1513              -1.91411e-06 -0.00292312 2.03833e-08
0.135 11.3819 0 1.1233 1 0 -0.000335821 0 1 0 0.000335821 0 1  -7.44258e-05 0 -1.15657 0 -0.00487928 0              0.00180678 -2.56441e-19 0.150357              -1.90218e-06 -0.00287825 2.28578e-08
0.14 11.3819 0 1.11741 1 0 -0.000360586 0 1 0 0.000360586 0 1  -6.79229e-05 0 -1.20016 0 -0.00502921 0              0.00233874 1.21047e-19 0.146691              -1.8558e-06 -0.00262313 2.95876e-08
0.145 11.3819 0 1.1113 1 0 -0.000386049 0 1 0 0.000386049 0 1  -5.96662e-05 0 -1.24376 0 -0.0051647 0              0.00262194 2.46326e-21 0.153775              -1.94542e-06 -0.00289958 3.31703e-08
0.15 11.3819 0 1.10498 1 0 -0.000412241 0 1 0 0.000412241 0 1  -5.02282e-05 0 -1.28734 0 -0.00530885 0              0.00282947 5.83842e-19 0.149062              -1.88579e-06 -0.00263657 3.57959e-08
0.155 11.3819 0 1.09843 1 0 -0.000439097 0 1 0 0.000439097 0 1  -3.99842e-05 0 -1.33094 0 -0.00544024 0              0.00291127 9.43178e-20 0.156771              -1.98332e-06 -0.00297604 3.68307e-08
0.16 11.3819 0 1.09167 1 0 -0.000466674 0 1 0 0.000466674 0 1  -2.92857e-05 0 -1.37451 0 -0.00558413 0              0.00366216 1.23393e-19 0.154602              -1.95588e-06 -0.00271067 4.63303e-08
0.165 11.3819 0 1.08468 1 0 -0.000494898 0 1 0 0.000494898 0 1  -1.62691e-05 0 -1.41809 0 -0.00571305 0              0.00315724 7.69355e-20 0.157099              -1.98747e-06 -0.0030012 3.99425e-08
0.17 11.3819 0 1.07749 1 0 -0.000523833 0 1 0 0.000523833 0 1  -4.41595e-06 0 -1.46166 0 -0.00585478 0              0.00427651 -9.8697e-20 0.159793              -2.02156e-06 -0.00295787 5.41025e-08
0.175 11.3819 0 1.07007 1 0 -0.000553433 0 1 0 0.000553433 0 1  1.08051e-05 0 -1.50522 0 -0.0059885 0              0.0038273 -2.91746e-19 0.156449              -1.97925e-06 -0.00293707 4.84194e-08
0.18 11.3819 0 1.06243 1 0 -0.000583708 0 1 0 0.000583708 0 1  2.49841e-05 0 -1.54879 0 -0.00612195 0              0.0050522 -3.40882e-19 0.160866              -2.03513e-06 -0.00304877 6.39158e-08
0.185 11.3819 0 1.05458 1 0 -0.000614633 0 1 0 0.000614633 0 1  4.29801e-05 0 -1.59234 0 -0.00625096 0              0.00512414 7.95306e-20 0.157135              -1.98793e-06 -0.00290495 6.4826e-08
0.19 11.3819 0 1.04651 1 0 -0.000646173 0 1 0 0.000646173 0 1  6.15907e-05 0 -1.63591 0 -0.00637079 0              0.00424794 -2.20244e-19 0.162081              -2.05051e-06 -0.00328383 5.37411e-08
0.195 11.3819 0 1.03822 1 0 -0.000678403 0 1 0 0.000678403 0 1  7.77877e-05 0 -1.67946 0 -0.00651036 0              0.00667164 8.53746e-20 0.166116              -2.10155e-06 -0.00332136 8.44035e-08
0.2 11.3819 0 1.02972 1 0 -0.000711246 0 1 0 0.000711246 0 1  0.000101215 0 -1.723 0 -0.0066343 0              0.00609993 -6.87083e-20 0.161046              -2.03741e-06 -0.00321146 7.71707e-08
0.205 11.3819 0 1.02099 1 0 -0.000744705 0 1 0 0.000744705 0 1  0.000123743 0 -1.76655 0 -0.00675357 0              0.00514388 1.15896e-19 0.166025              -2.1004e-06 -0.00359642 6.50756e-08
0.21 11.3819 0 1.01205 1 0 -0.000778855 0 1 0 0.000778855 0 1  0.000143471 0 -1.81009 0 -0.00689431 0              0.00694466 -7.26026e-20 0.17172              -2.17244e-06 -0.00381294 8.78575e-08
0.215 11.3819 0 1.00289 1 0 -0.000813664 0 1 0 0.000813664 0 1  0.000168424 0 -1.85361 0 -0.00702982 0              0.00703407 -5.65047e-20 0.1734              -2.1937e-06 -0.00396878 8.89887e-08
0.22 11.3819 0 0.993514 1 0 -0.000849163 0 1 0 0.000849163 0 1  0.000194283 0 -1.89712 0 -0.00716838 0              0.00674269 1.24933e-19 0.163023              -2.06242e-06 -0.00373873 8.53024e-08
0.225 11.3819 0 0.983919 1 0 -0.000885313 0 1 0 0.000885313 0 1  0.000219361 0 -1.94066 0 -0.00729709 0              0.00633894 4.04495e-19 0.174477              -2.20733e-06 -0.00432483 8.01945e-08
0.23 11.3819 0 0.974107 1 0 -0.000922219 0 1 0 0.000922219 0 1  0.000243376 0 -1.98417 0 -0.00745126 0              0.00823525 -1.98516e-19 0.177997              -2.25185e-06 -0.00457909 1.04185e-07
0.235 11.3819 0 0.964078 1 0 -0.000959835 0 1 0 0.000959835 0 1  0.000273133 0 -2.02766 0 -0.00759746 0              0.00849646 5.82924e-20 0.178757              -2.26147e-06 -0.0047854 1.07489e-07
0.24 11.3819 0 0.953831 1 0 -0.000998195 0 1 0 0.000998195 0 1  0.000304409 0 -2.07115 0 -0.00774602 0              0.00796974 1.84842e-19 0.182975              -2.31483e-06 -0.00506569 1.00826e-07
0.245 11.3819 0 0.943366 0.999999 0 -0.00103736 0 1 0 0.00103736 0 0.999999  0.000334403 0 -2.11463 0 -0.0079095 0              0.00858705 -1.40996e-19 0.169943              -2.14996e-06 -0.00477165 1.08636e-07
0.25 11.3819 0 0.932684 0.999999 0 -0.00107723 0 1 0 0.00107723 0 0.999999  0.00036624 0 -2.15815 0 -0.00805068 0              0.00863811 5.41953e-20 0.181627              -2.29778e-06 -0.00540151 1.09281e-07
0.255 11.3819 0 0.921785 0.999999 0 -0.00111791 0 1 0 0.00111791 0 0.999999  0.000398604 0 -2.20163 0 -0.0082125 0              0.00804672 -1.84194e-20 0.185345              -2.34482e-06 -0.00568222 1.018e-07
0.26 11.3819 0 0.910668 0.999999 0 -0.00115945 0 1 0 0.00115945 0 0.999999  0.00042934 0 -2.2451 0 -0.00839207 0              0.00881914 9.76693e-20 0.1881              -2.37967e-06 -0.0060087 1.11572e-07
0.265 11.3819 0 0.899334 0.999999 0 -0.00120188 0 1 0 0.00120188 0 0.999999  0.000462398 0 -2.28856 0 -0.00857453 0              0.0103234 3.62496e-21 0.190195              -2.40617e-06 -0.00638647 1.30602e-07
0.27 11.3819 0 0.887782 0.999999 0 -0.00124517 0 1 0 0.00124517 0 0.999999  0.000500486 0 -2.33201 0 -0.00874959 0              0.0108985 2.95904e-19 0.191703              -2.42525e-06 -0.00671886 1.37878e-07
0.275 11.3819 0 0.876014 0.999999 0 -0.00128936 0 1 0 0.00128936 0 0.999999  0.00054115 0 -2.37545 0 -0.00892519 0              0.0113566 1.20431e-19 0.194694              -2.46308e-06 -0.00708154 1.43673e-07
0.28 11.3819 0 0.864028 0.999999 0 -0.00133443 0 1 0 0.00133443 0 0.999999  0.000583854 0 -2.41889 0 -0.00910427 0              0.0117256 -1.47266e-20 0.195921              -2.47862e-06 -0.00740575 1.48341e-07
0.285 11.3819 0 0.851825 0.999999 0 -0.00138041 0 1 0 0.00138041 0 0.999999  0.000628118 0 -2.46232 0 -0.00928642 0              0.0125636 -2.50132e-20 0.197736              -2.50158e-06 -0.00781207 1.58943e-07
0.29 11.3819 0 0.839405 0.999999 0 -0.00142729 0 1 0 0.00142729 0 0.999999  0.000675371 0 -2.50574 0 -0.00946738 0              0.0124741 -1.66401e-19 0.200871              -2.54123e-06 -0.00817827 1.57811e-07
0.295 11.3819 0 0.826767 0.999999 0 -0.00147512 0 1 0 0.00147512 0 0.999999  0.000722943 0 -2.54915 0 -0.00965886 0              0.0137184 -2.78594e-19 0.201501              -2.54921e-06 -0.00862422 1.73553e-07
0.3 11.3819 0 0.813913 0.999999 0 -0.00152386 0 1 0 0.00152386 0 0.999999  0.000774522 0 -2.59256 0 -0.00984356 0              0.0131606 -6.20538e-20 0.200701              -2.53908e-06 -0.00876383 1.66496e-07
0.305 11.3819 0 0.800842 0.999999 0 -0.00157356 0 1 0 0.00157356 0 0.999999  0.000825144 0 -2.63597 0 -0.0100345 0              0.0143055 -2.68982e-20 0.204477              -2.58686e-06 -0.00941738 1.8098e-07
0.31 11.3819 0 0.787553 0.999999 0 -0.00162422 0 1 0 0.00162422 0 0.999999  0.000879434 0 -2.67937 0 -0.0102272 0              0.0149131 1.4125e-19 0.208077              -2.6324e-06 -0.00989963 1.88667e-07
0.315 11.3819 0 0.774048 0.999999 0 -0.00167583 0 1 0 0.00167583 0 0.999999  0.00093628 0 -2.72276 0 -0.0104213 0              0.013869 -1.20372e-19 0.204546              -2.58773e-06 -0.00995167 1.75458e-07
0.32 11.3819 0 0.760326 0.999999 0 -0.00172848 0 1 0 0.00172848 0 0.999999  0.000989735 0 -2.76616 0 -0.0106306 0              0.0121464 -1.38063e-19 0.203054              -2.56886e-06 -0.00980308 1.53666e-07
0.325 11.382 0 0.746387 0.999998 0 -0.00178224 0 1 0 0.00178224 0 0.999998  0.00103727 0 -2.80956 0 -0.010861 0              0.0133525 -1.82948e-19 0.210377              -2.6615e-06 -0.0106255 1.68923e-07
0.33 11.382 0 0.73223 0.999998 0 -0.00183715 0 1 0 0.00183715 0 0.999998  0.00108802 0 -2.85294 0 -0.0110982 0              0.013896 -1.3017e-19 0.196826              -2.49006e-06 -0.0105156 1.75799e-07
0.335 11.382 0 0.717857 0.999998 0 -0.00189312 0 1 0 0.00189312 0 0.999998  0.00114132 0 -2.89637 0 -0.0113071 0              0.0188694 -3.82298e-19 0.194734              -2.46359e-06 -0.0119014 2.38718e-07
0.34 11.382 0 0.703266 0.999998 0 -0.00194993 0 1 0 0.00194993 0 0.999998  0.00121021 0 -2.9398 0 -0.0114588 0              0.0167688 2.47971e-19 0.233742              -2.9571e-06 -0.0133813 2.12143e-07
0.345 11.382 0 0.688459 0.999998 0 -0.00200795 0 1 0 0.00200795 0 0.999998  0.00127475 0 -2.98312 0 -0.0117046 0              0.0194951 1.5376e-19 0.233347              -2.95209e-06 -0.0147046 2.46634e-07
0.35 11.382 0 0.673436 0.999998 0 -0.00206709 0 1 0 0.00206709 0 0.999998  0.00134781 0 -3.02642 0 -0.011946 0              0.0193519 -1.79861e-19 0.230949              -2.92176e-06 -0.0151364 2.44823e-07
0.355 11.382 0 0.658195 0.999998 0 -0.00212747 0 1 0 0.00212747 0 0.999998  0.00142151 0 -3.06973 0 -0.0121988 0              0.0138651 9.89315e-20 0.225337              -2.85075e-06 -0.0137049 1.75408e-07
0.36 11.382 0 0.642738 0.999998 0 -0.00218933 0 1 0 0.00218933 0 0.999998  0.00147768 0 -3.11305 0 -0.0125119 0              0.0215753 3.24215e-19 0.203965              -2.58038e-06 -0.0151402 2.72951e-07
0.365 11.382 0 0.627064 0.999997 0 -0.00225214 0 1 0 0.00225214 0 0.999997  0.00155619 0 -3.15645 0 -0.0126882 0              0.0214316 4.43484e-19 0.251416              -3.18068e-06 -0.0178991 2.71133e-07
0.37 11.382 0 0.611174 0.999997 0 -0.00231636 0 1 0 0.00231636 0 0.999997  0.00163721 0 -3.19971 0 -0.0129626 0              0.0210675 1.61342e-19 0.251778              -3.18526e-06 -0.0185591 2.66527e-07
0.375 11.382 0 0.595067 0.999997 0 -0.00238202 0 1 0 0.00238202 0 0.999997  0.00171751 0 -3.24295 0 -0.0132728 0              0.0166085 1.17163e-19 0.242941              -3.07347e-06 -0.0172535 2.10116e-07
0.38 11.382 0 0.578745 0.999997 0 -0.00244938 0 1 0 0.00244938 0 0.999997  0.0017839 0 -3.28621 0 -0.0136377 0              0.0246912 2.19689e-19 0.236163              -2.98772e-06 -0.0196889 3.12371e-07
0.385 11.382 0 0.562205 0.999997 0 -0.00251797 0 1 0 0.00251797 0 0.999997  0.00187418 0 -3.3295 0 -0.0138724 0              0.025002 -8.36116e-20 0.277571              -3.51157e-06 -0.022766 3.16302e-07
0.39 11.382 0 0.54545 0.999997 0 -0.00258828 0 1 0 0.00258828 0 0.999997  0.00196876 0 -3.37266 0 -0.0142089 0              0.0159032 3.02069e-19 0.26589              -3.36379e-06 -0.0193515 2.01192e-07
0.395 11.3821 0 0.528479 0.999996 0 -0.00266062 0 1 0 0.00266062 0 0.999996  0.00203485 0 -3.41584 0 -0.0146553 0              0.0270533 2.30424e-20 0.265513              -3.35903e-06 -0.0239898 3.42253e-07
0.4 11.3821 0 0.511291 0.999996 0 -0.00273449 0 1 0 0.00273449 0 0.999996  0.0021333 0 -3.45904 0 -0.0149654 0              0.0242918 -1.25987e-19 0.298626              -3.77795e-06 -0.0253382 3.07317e-07
0.405 11.3821 0 0.493889 0.999996 0 -0.00281051 0 1 0 0.00281051 0 0.999996  0.0022267 0 -3.50212 0 -0.0153932 0              0.0201742 5.9696e-20 0.260933              -3.30108e-06 -0.0228505 2.55226e-07
0.41 11.3821 0 0.47627 0.999996 0 -0.0028886 0 1 0 0.0028886 0 0.999996  0.00230693 0 -3.54531 0 -0.0158302 0              0.0304075 -8.20856e-20 0.322881              -4.0848e-06 -0.0305482 3.84687e-07
0.415 11.3821 0 0.458436 0.999996 0 -0.00296882 0 1 0 0.00296882 0 0.999996  0.00241942 0 -3.58831 0 -0.0162632 0              0.0226689 8.02106e-20 0.308235              -3.8995e-06 -0.0274028 2.86786e-07
0.42 11.3821 0 0.440387 0.999995 0 -0.00305162 0 1 0 0.00305162 0 0.999995  0.00250935 0 -3.63134 0 -0.0167991 0              0.0279122 1.59538e-19 0.328623              -4.15744e-06 -0.0311022 3.53119e-07
0.425 11.3821 0 0.422123 0.999995 0 -0.00313686 0 1 0 0.00313686 0 0.999995  0.0026148 0 -3.67432 0 -0.017306 0              0.0282798 1.89703e-20 0.3428              -4.33679e-06 -0.0331657 3.5777e-07
0.43 11.3821 0 0.403644 0.999995 0 -0.00322489 0 1 0 0.00322489 0 0.999995  0.00272302 0 -3.71723 0 -0.0178773 0              0.0355253 -1.92679e-19 0.351841              -4.45117e-06 -0.0380027 4.49433e-07
0.435 11.3822 0 0.384951 0.999995 0 -0.00331549 0 1 0 0.00331549 0 0.999995  0.00285312 0 -3.76011 0 -0.0183914 0              0.028944 3.28291e-19 0.388137              -4.91035e-06 -0.0373617 3.66174e-07
0.44 11.3822 0 0.366044 0.999994 0 -0.00340942 0 1 0 0.00340942 0 0.999994  0.00296773 0 -3.80286 0 -0.0190837 0              0.0382832 -6.28149e-20 0.409844              -5.18497e-06 -0.0443268 4.84324e-07
0.445 11.3822 0 0.346923 0.999994 0 -0.00350645 0 1 0 0.00350645 0 0.999994  0.00310899 0 -3.84553 0 -0.019737 0              0.0342683 5.81679e-20 0.447743              -5.66444e-06 -0.0453479 4.33531e-07
0.45 11.3822 0 0.327589 0.999993 0 -0.00360745 0 1 0 0.00360745 0 0.999993  0.0032435 0 -3.88805 0 -0.0205606 0              0.0405372 -4.34684e-20 0.510019              -6.4523e-06 -0.0529981 5.12839e-07
0.455 11.3822 0 0.308044 0.999993 0 -0.00371271 0 1 0 0.00371271 0 0.999993  0.00339761 0 -3.93036 0 -0.0214726 0              0.0456378 -2.06949e-19 0.524927              -6.64089e-06 -0.0589131 5.77368e-07
0.46 11.3822 0 0.288287 0.999993 0 -0.00382264 0 1 0 0.00382264 0 0.999993  0.00357055 0 -3.97257 0 -0.0224451 0              0.0524093 -6.08938e-20 0.685777              -8.67582e-06 -0.0716852 6.63035e-07
0.465 11.3823 0 0.26832 0.999992 0 -0.00393832 0 1 0 0.00393832 0 0.999992  0.00377354 0 -4.01425 0 -0.0236669 0              0.0194933 9.72758e-20 3.19583              -4.04308e-05 -0.110547 2.46612e-07
0.47 11.3823 0 0.248172 0.999992 0 -0.00407571 0 1 0 0.00407571 0 0.999992  0.00380293 0 -4.04919 0 -0.0287818 0              0.199604 -4.60936e-19 13.9937              -0.000177035 -0.525082 2.5252e-06
0.475 11.3823 0 0.227957 0.999991 0 -0.0042796 0 1 0 0.0042796 0 0.999991  0.00425445 0 -4.05473 0 -0.0451695 0              0.731369 2.35832e-19 33.7979              -0.000427581 -1.39646 9.25262e-06
0.48 11.3823 0 0.207948 0.999989 0 -0.00463471 0 1 0 0.00463471 0 0.999989  0.00587373 0 -3.99255 0 -0.0820849 0              1.9963 -2.36839e-17 106.848              -0.00135174 -5.41213 2.52553e-05
0.485 11.3824 0 0.189046 0.999985 0 -0.00554714 0 1 0 0.00554714 0 0.999985  0.0106646 0 -3.70932 0 -0.220279 0              4.28007 -3.34588e-17 231.268              -0.00292579 -14.9218 5.41475e-05
0.49 11.3825 0 0.17273 0.999968 0 -0.00801846 0 1 0 0.00801846 0 0.999968  0.0239907 0 -3.0598 0 -0.614877 0              3.5341 -6.31926e-18 232.464              -0.00294092 -15.5446 4.47102e-05
0.495 11.3826 0 0.158827 0.999926 0 -0.0121536 0 1 0 0.0121536 0 0.999926  0.0390805 0 -2.47834 0 -1.03031 0              4.61382 4.20297e-17 120.886              -0.00152933 -9.14697 5.83698e-05
0.5 11.3829 0 0.146112 0.999858 0 -0.0168278 0 1 0 0.0168278 0 0.999858  0.0569757 0 -2.29869 0 -1.09857 0              4.21605 -2.60507e-17 41.4862              -0.000524845 -4.7591 5.33377e-05
0.505 11.3832 0 0.134022 0.999764 0 -0.021704 0 1 0 0.021704 0 0.999764  0.0739113 0 -2.30384 0 -1.03166 0              3.78728 1.92776e-17 44.4857              -0.000562793 -4.8312 4.79132e-05
0.51 11.3836 0 0.122546 0.999641 0 -0.0267979 0 1 0 0.0267979 0 0.999641  0.0890046 0 -2.24612 0 -1.02749 0              4.04214 1.0515e-17 45.0773              -0.000570277 -5.16316 5.11374e-05
0.515 11.3841 0 0.111535 0.999488 0 -0.0319968 0 1 0 0.0319968 0 0.999488  0.103591 0 -2.15705 0 -1.04908 0              3.98232 -1.00008e-17 34.7623              -0.000439781 -4.80202 5.03806e-05
0.52 11.3846 0 0.100821 0.999307 0 -0.037224 0 1 0 0.037224 0 0.999307  0.117663 0 -2.10072 0 -1.05534 0              3.87284 1.31621e-18 29.3177              -0.000370901 -4.43945 4.89957e-05
0.525 11.3853 0 0.0903726 0.999098 0 -0.0424686 0 1 0 0.0424686 0 0.999098  0.130849 0 -2.05777 0 -1.05434 0              3.59616 -4.4014e-18 26.3914              -0.00033388 -4.02817 4.54953e-05
0.53 11.3859 0 0.0801439 0.998861 0 -0.0477066 0 1 0 0.0477066 0 0.998861  0.142931 0 -2.02058 0 -1.04922 0              3.23357 -5.31184e-19 26.6132              -0.000336686 -3.63251 4.09082e-05
0.535 11.3867 0 0.0701432 0.998598 0 -0.0529316 0 1 0 0.0529316 0 0.998598  0.153774 0 -1.97725 0 -1.04478 0              2.99124 -1.47389e-17 22.1935              -0.000280772 -3.24545 3.78424e-05
0.54 11.3875 0 0.0603055 0.99831 0 -0.0581093 0 1 0 0.0581093 0 0.99831  0.163631 0 -1.94702 0 -1.03372 0              2.6514 1.4093e-18 24.0329              -0.000304043 -2.97789 3.3543e-05
0.545 11.3883 0 0.0506648 0.997998 0 -0.0632532 0 1 0 0.0632532 0 0.997998  0.172476 0 -1.90948 0 -1.02613 0              2.33553 8.24955e-18 19.8606              -0.000251259 -2.56007 2.9547e-05
0.55 11.3892 0 0.041148 0.997662 0 -0.0683373 0 1 0 0.0683373 0 0.997662  0.180311 0 -1.88664 0 -1.01399 0              1.93062 -1.00252e-18 22.4155              -0.000283581 -2.3059 2.44244e-05
0.555 11.3901 0 0.0318054 0.997303 0 -0.0733979 0 1 0 0.0733979 0 0.997303  0.186845 0 -1.85313 0 -1.01027 0              1.79718 -1.44361e-17 21.0329              -0.000266089 -2.15114 2.27363e-05
0.56 11.3911 0 0.022609 0.99692 0 -0.0784261 0 1 0 0.0784261 0 0.99692  0.192903 0 -1.82307 0 -1.00567 0              1.49792 1.58145e-17 21.139              -0.000267432 -1.93593 1.89503e-05
0.565 11.392 0 0.01355 0.996513 0 -0.0834346 0 1 0 0.0834346 0 0.996513  0.198126 0 -1.79656 0 -1.00288 0              1.46886 2.0055e-19 18.4848              -0.000233853 -1.80591 1.85827e-05
0.57 11.393 0 0.00459482 0.996084 0 -0.0884088 0 1 0 0.0884088 0 0.996084  0.203043 0 -1.77805 0 -0.99634 0              1.19805 -7.51016e-18 16.9538              -0.000214485 -1.55346 1.51566e-05
0.575 11.3941 0 -0.00427523 0.995632 0 -0.0933592 0 1 0 0.0933592 0 0.995632  0.207243 0 -1.7641 0 -0.991591 0              1.25887 -5.25174e-18 16.1491              -0.000204303 -1.56513 1.5926e-05
0.58 11.3951 0 -0.0130806 0.99516 0 -0.0982675 0 1 0 0.0982675 0 0.99516  0.21151 0 -1.75346 0 -0.983174 0              1.00973 6.73219e-18 21.8853              -0.000276873 -1.4775 1.27741e-05
0.585 11.3962 0 -0.0217576 0.994665 0 -0.103155 0 1 0 0.103155 0 0.994665  0.215123 0 -1.72556 0 -0.979677 0              0.728346 -2.00558e-18 19.048              -0.000240977 -1.12133 9.21436e-06
0.59 11.3972 0 -0.030334 0.994149 0 -0.10802 0 1 0 0.10802 0 0.994149  0.217851 0 -1.70267 0 -0.97654 0              0.534443 -9.55687e-18 18.0812              -0.000228747 -0.872304 6.76129e-06
0.595 11.3983 0 -0.0388022 0.993611 0 -0.112862 0 1 0 0.112862 0 0.993611  0.219886 0 -1.68206 0 -0.972617 0              0.422707 -7.86096e-18 18.1536              -0.000229663 -0.78572 5.34771e-06
0.6 11.3994 0 -0.047171 0.993051 0 -0.117687 0 1 0 0.117687 0 0.993051  0.221418 0 -1.66313 0 -0.969947 0              0.506276 -4.90731e-18 21.8874              -0.000276899 -0.89894 6.40494e-06
0.605 11.4006 0 -0.0553784 0.992471 0 -0.122478 0 1 0 0.122478 0 0.992471  0.223446 0 -1.62851 0 -0.963105 0              0.412074 -2.3924e-17 17.039              -0.000215562 -0.675931 5.21319e-06
0.61 11.4017 0 -0.0635063 0.991873 0 -0.127231 0 1 0 0.127231 0 0.991873  0.224816 0 -1.61261 0 -0.954733 0              0.237444 -1.03688e-17 21.2356              -0.000268654 -0.607379 3.00392e-06
0.615 11.4028 0 -0.0714692 0.991257 0 -0.131948 0 1 0 0.131948 0 0.991257  0.225903 0 -1.58001 0 -0.947827 0              0.271912 -1.08669e-17 15.4848              -0.0001959 -0.495612 3.43998e-06
0.62 11.4039 0 -0.0793688 0.990623 0 -0.136622 0 1 0 0.136622 0 0.990623  0.22658 0 -1.56832 0 -0.939562 0              0.476891 1.39025e-17 23.4073              -0.000296128 -0.842257 6.03318e-06
0.625 11.4051 0 -0.0870716 0.989976 0 -0.141233 0 1 0 0.141233 0 0.989976  0.228025 0 -1.52774 0 -0.926034 0              0.213976 -1.93157e-17 16.1745              -0.000204625 -0.392698 2.70703e-06
0.63 11.4062 0 -0.0947225 0.989316 0 -0.145788 0 1 0 0.145788 0 0.989316  0.228422 0 -1.51701 0 -0.914256 0              0.100919 3.26812e-17 22.9027              -0.000289745 -0.445283 1.27674e-06
0.635 11.4073 0 -0.102184 0.988645 0 -0.150272 0 1 0 0.150272 0 0.988645  0.229132 0 -1.47968 0 -0.900228 0              -0.00739218 -4.40628e-18 15.2099              -0.000192422 -0.207398 -9.35191e-08
0.64 11.4085 0 -0.109618 0.987959 0 -0.154717 0 1 0 0.154717 0 0.987959  0.228402 0 -1.47502 0 -0.89413 0              0.130146 -4.68125e-18 21.7388              -0.000275019 -0.428247 1.64648e-06
0.645 11.4096 0 -0.116863 0.987269 0 -0.159057 0 1 0 0.159057 0 0.987269  0.229942 0 -1.43804 0 -0.872375 0              0.0354134 2.27776e-17 18.3994              -0.000232772 -0.276463 4.48018e-07
0.65 11.4108 0 -0.124019 0.98657 0 -0.16334 0 1 0 0.16334 0 0.98657  0.229544 0 -1.41749 0 -0.860017 0              -0.0905009 1.37945e-17 17.0813              -0.000216097 -0.112559 -1.14493e-06
0.655 11.4119 0 -0.131073 0.985863 0 -0.167552 0 1 0 0.167552 0 0.985863  0.229011 0 -1.4001 0 -0.847135 0              0.0354667 -1.90858e-17 23.2327              -0.000293919 -0.331492 4.48692e-07
0.66 11.4131 0 -0.137938 0.985159 0 -0.171646 0 1 0 0.171646 0 0.985159  0.229825 0 -1.35922 0 -0.822212 0              -0.14348 2.40737e-17 17.4089              -0.000220242 -0.0391012 -1.81518e-06
0.665 11.4142 0 -0.144726 0.984447 0 -0.175681 0 1 0 0.175681 0 0.984447  0.228458 0 -1.34328 0 -0.810163 0              -0.182239 1.44769e-18 17.7314              -0.000224321 -0.00622021 -2.30552e-06
0.67 11.4154 0 -0.151396 0.983735 0 -0.179624 0 1 0 0.179624 0 0.983735  0.227777 0 -1.32337 0 -0.793175 0              -0.0767005 3.32253e-17 22.9146              -0.000289895 -0.235838 -9.70344e-07
0.675 11.4165 0 -0.157883 0.983029 0 -0.18345 0 1 0 0.18345 0 0.983029  0.227852 0 -1.28365 0 -0.768573 0              -0.251829 1.36666e-17 17.299              -0.000218851 0.0670185 -3.18591e-06
0.68 11.4176 0 -0.1643 0.982319 0 -0.187217 0 1 0 0.187217 0 0.982319  0.225938 0 -1.26937 0 -0.75715 0              -0.304461 1.85965e-18 19.1189              -0.000241875 0.0983289 -3.85176e-06
0.685 11.4188 0 -0.170573 0.981615 0 -0.190873 0 1 0 0.190873 0 0.981615  0.2252 0 -1.24329 0 -0.735745 0              -0.3138 -1.48749e-17 22.3037              -0.000282167 0.0706288 -3.96991e-06
0.69 11.4199 0 -0.176682 0.980921 0 -0.194408 0 1 0 0.194408 0 0.980921  0.224445 0 -1.20722 0 -0.709764 0              -0.358059 -3.68058e-17 19.6608              -0.00024873 0.157984 -4.52983e-06
0.695 11.421 0 -0.182701 0.98023 0 -0.197863 0 1 0 0.197863 0 0.98023  0.222484 0 -1.18938 0 -0.693592 0              -2.45914 1.04109e-17 -34.6965              0.000438948 3.39547 -3.11108e-05
0.7 11.4221 0 -0.188619 0.979543 0 -0.201237 0 1 0 0.201237 0 0.979543  0.219328 0 -1.18486 0 -0.685551 0              -0.0329976 -7.60935e-18 27.7342              -0.000350868 -0.329263 -4.17455e-07
0.705 11.4232 0 -0.194319 0.978879 0 -0.204439 0 1 0 0.204439 0 0.978879  0.219285 0 -1.14032 0 -0.649394 0              -0.371326 -3.85599e-18 24.7275              -0.00031283 0.0762361 -4.69768e-06
0.71 11.4243 0 -0.199869 0.978232 0 -0.207514 0 1 0 0.207514 0 0.978232  0.218707 0 -1.09219 0 -0.614016 0              -0.739102 8.39865e-18 19.8024              -0.000250522 0.561345 -9.35044e-06
0.715 11.4254 0 -0.205304 0.977592 0 -0.210508 0 1 0 0.210508 0 0.977592  0.215417 0 -1.06907 0 -0.599165 0              -0.599878 -4.59404e-19 18.4083              -0.000232885 0.467257 -7.58911e-06
0.72 11.4265 0 -0.210544 0.976978 0 -0.213338 0 1 0 0.213338 0 0.976978  0.214123 0 -1.03275 0 -0.567381 0              -0.470627 1.15585e-17 19.1667              -0.00024248 0.278534 -5.95394e-06
0.725 11.4275 0 -0.215692 0.976376 0 -0.216077 0 1 0 0.216077 0 0.976376  0.211737 0 -1.01594 0 -0.548669 0              -0.35712 2.75746e-17 18.1786              -0.00022998 0.179376 -4.51795e-06
0.73 11.4286 0 -0.220665 0.975804 0 -0.218646 0 1 0 0.218646 0 0.975804  0.21122 0 -0.981699 0 -0.51317 0              -0.53138 -1.40318e-17 22.7926              -0.000288352 0.271245 -6.72253e-06
0.735 11.4296 0 -0.225499 0.975252 0 -0.221095 0 1 0 0.221095 0 0.975252  0.208939 0 -0.951623 0 -0.487374 0              -0.560283 2.25307e-17 16.1258              -0.000204009 0.408985 -7.08818e-06
0.74 11.4307 0 -0.230272 0.974714 0 -0.223456 0 1 0 0.223456 0 0.974714  0.206224 0 -0.942525 0 -0.472446 0              -0.283823 1.03394e-18 -7.23437              9.15226e-05 0.520111 -3.59067e-06
0.745 11.4317 0 -0.235006 0.974195 0 -0.225709 0 1 0 0.225709 0 0.974195  0.205299 0 -0.946098 0 -0.454659 0              -0.0414271 -3.30548e-17 28.8079              -0.000364451 -0.438948 -5.24098e-07
0.75 11.4327 0 -0.239533 0.973718 0 -0.227758 0 1 0 0.227758 0 0.973718  0.205733 0 -0.900182 0 -0.408275 0              -1.17008 -1.9587e-17 27.1073              -0.000342937 0.843029 -1.48028e-05
0.755 11.4337 0 -0.243838 0.973269 0 -0.229667 0 1 0 0.229667 0 0.973269  0.20209 0 -0.839386 0 -0.374193 0              -1.10065 2.01614e-17 9.94678              -0.000125838 1.14685 -1.39245e-05
0.76 11.4347 0 -0.248177 0.972819 0 -0.231567 0 1 0 0.231567 0 0.972819  0.196677 0 -0.853307 0 -0.380373 0              0.114482 1.2418e-17 18.9066              -0.000239189 -0.389685 1.44833e-06
0.765 11.4357 0 -0.252332 0.972421 0 -0.233234 0 1 0 0.233234 0 0.972421  0.197978 0 -0.824439 0 -0.33222 0              -0.630773 -1.77172e-18 22.0176              -0.000278547 0.325515 -7.97997e-06
0.77 11.4367 0 -0.256337 0.972051 0 -0.234769 0 1 0 0.234769 0 0.972051  0.196003 0 -0.787312 0 -0.298137 0              -1.32375 6.30898e-18 17.9578              -0.000227186 1.19994 -1.67469e-05
0.775 11.4377 0 -0.260232 0.9717 0 -0.23622 0 1 0 0.23622 0 0.9717  0.190826 0 -0.764237 0 -0.285527 0              -0.467495 -6.75311e-20 16.3833              -0.000207267 0.305973 -5.91433e-06
0.78 11.4386 0 -0.264031 0.971382 0 -0.237524 0 1 0 0.237524 0 0.971382  0.189077 0 -0.749056 0 -0.257182 0              -0.437107 -5.18289e-18 17.9961              -0.00022767 0.217899 -5.52988e-06
0.785 11.4396 0 -0.267711 0.971098 0 -0.238679 0 1 0 0.238679 0 0.971098  0.18758 0 -0.726022 0 -0.223694 0              -1.01069 -1.73899e-18 19.8701              -0.000251378 0.816229 -1.27863e-05
0.79 11.4405 0 -0.271241 0.970847 0 -0.239699 0 1 0 0.239699 0 0.970847  0.184096 0 -0.693368 0 -0.194929 0              -1.21602 2.98421e-17 18.7806              -0.000237595 1.09807 -1.5384e-05
0.795 11.4414 0 -0.274641 0.970625 0 -0.240597 0 1 0 0.240597 0 0.970625  0.179632 0 -0.665941 0 -0.171843 0              -0.760445 3.68651e-18 16.1231              -0.000203975 0.665708 -9.62045e-06
0.8 11.4423 0 -0.277957 0.970434 0 -0.241368 0 1 0 0.241368 0 0.970434  0.176652 0 -0.652006 0 -0.146405 0              -0.958431 2.67468e-17 21.4272              -0.000271078 0.775818 -1.21252e-05
0.805 11.4432 0 -0.281097 0.970284 0 -0.241968 0 1 0 0.241968 0 0.970284  0.173482 0 -0.615736 0 -0.108715 0              -1.07582 -1.27267e-18 15.8211              -0.000200154 1.03195 -1.36103e-05
0.81 11.444 0 -0.284173 0.970159 0 -0.242471 0 1 0 0.242471 0 0.970159  0.169169 0 -0.603078 0 -0.0892833 0              -0.981002 -2.54525e-18 17.616              -0.000222861 0.897274 -1.24107e-05
0.815 11.4449 0 -0.287116 0.970073 0 -0.242815 0 1 0 0.242815 0 0.970073  0.165734 0 -0.57866 0 -0.0576243 0              -1.30495 -1.1058e-17 20.6242              -0.000260918 1.21757 -1.6509e-05
0.82 11.4457 0 -0.289912 0.970024 0 -0.243011 0 1 0 0.243011 0 0.970024  0.161195 0 -0.546328 0 -0.0252714 0              -1.57428 4.12073e-18 19.3121              -0.000244319 1.58908 -1.99164e-05
0.825 11.4465 0 -0.292583 0.970006 0 -0.243083 0 1 0 0.243083 0 0.970006  0.155438 0 -0.520166 0 -0.000331456 0              -0.847085 -1.39226e-17 14.0258              -0.000177442 0.890641 -1.07165e-05
0.83 11.4473 0 -0.295222 0.970021 0 -0.243023 0 1 0 0.243023 0 0.970021  0.152531 0 -0.518655 0 0.0257847 0              -1.71975 2.50441e-18 24.9446              -0.000315577 1.65485 -2.17567e-05
0.835 11.448 0 -0.297619 0.970086 0 -0.242763 0 1 0 0.242763 0 0.970086  0.146947 0 -0.466939 0 0.0697446 0              -2.05581 1.71766e-17 16.0667              -0.000203261 2.32116 -2.60082e-05
0.84 11.4487 0 -0.299892 0.970174 0 -0.242411 0 1 0 0.242411 0 0.970174  0.13817 0 -0.437509 0 0.0880657 0              -1.61159 3.15371e-17 16.0561              -0.000203127 1.85639 -2.03883e-05
0.845 11.4494 0 -0.302078 0.970296 0 -0.24192 0 1 0 0.24192 0 0.970296  0.132243 0 -0.425708 0 0.113319 0              -1.26309 4.21358e-18 19.7796              -0.000250234 1.34904 -1.59795e-05
0.85 11.45 0 -0.304116 0.970468 0 -0.241229 0 1 0 0.241229 0 0.970468  0.128188 0 -0.396859 0 0.158498 0              -2.18203 -7.94714e-18 20.5812              -0.000260374 2.42513 -2.7605e-05
0.855 11.4507 0 -0.306008 0.970673 0 -0.240405 0 1 0 0.240405 0 0.970673  0.120087 0 -0.364437 0 0.187536 0              -1.92657 -1.92873e-17 16.7005              -0.000211279 2.27735 -2.43733e-05
0.86 11.4512 0 -0.307813 0.970911 0 -0.23944 0 1 0 0.23944 0 0.970911  0.112839 0 -0.348373 0 0.213865 0              -2.31626 8.86457e-18 21.8176              -0.000276017 2.62715 -2.93031e-05
0.865 11.4518 0 -0.309379 0.971196 0 -0.238284 0 1 0 0.238284 0 0.971196  0.103937 0 -0.298314 0 0.254245 0              -2.20244 5.35482e-18 17.0872              -0.000216171 2.66799 -2.78633e-05
0.87 11.4523 0 -0.310864 0.971509 0 -0.237004 0 1 0 0.237004 0 0.971509  0.0954159 0 -0.281453 0 0.279805 0              -2.05087 -2.23773e-18 19.2299              -0.00024328 2.43494 -2.59457e-05
0.875 11.4527 0 -0.3122 0.971865 0 -0.235537 0 1 0 0.235537 0 0.971865  0.0881549 0 -0.254921 0 0.318037 0              -2.28447 -1.01115e-17 21.406              -0.000270809 2.64789 -2.89011e-05
0.88 11.4532 0 -0.313371 0.972263 0 -0.233889 0 1 0 0.233889 0 0.972263  0.0800155 0 -0.219671 0 0.357593 0              -2.4523 -8.41282e-18 19.139              -0.00024213 2.92915 -3.10243e-05
0.885 11.4535 0 -0.314418 0.972694 0 -0.232091 0 1 0 0.232091 0 0.972694  0.0708563 0 -0.194531 0 0.387536 0              -2.16754 -2.11547e-17 19.5832              -0.000247749 2.58284 -2.74217e-05
0.89 11.4539 0 -0.31532 0.973166 0 -0.230104 0 1 0 0.230104 0 0.973166  0.062973 0 -0.166509 0 0.425796 0              -2.37903 -4.31977e-18 21.0485              -0.000266287 2.77995 -3.00973e-05
0.895 11.4542 0 -0.316058 0.973676 0 -0.227937 0 1 0 0.227937 0 0.973676  0.0543482 0 -0.132639 0 0.463813 0              -2.48837 -6.40651e-18 20.1019              -0.000254311 2.94043 -3.14806e-05
0.9 11.4544 0 -0.316651 0.974219 0 -0.225605 0 1 0 0.225605 0 0.974219  0.0451136 0 -0.102899 0 0.496818 0              -2.06878 4.21785e-17 18.6548              -0.000236003 2.48356 -2.61724e-05
0.905 11.4546 0 -0.317115 0.974798 0 -0.223089 0 1 0 0.223089 0 0.974798  0.0374248 0 -0.078893 0 0.533987 0              -2.16672 8.55362e-18 20.4422              -0.000258616 2.51357 -2.74114e-05
0.91 11.4548 0 -0.317421 0.975413 0 -0.220385 0 1 0 0.220385 0 0.975413  0.029575 0 -0.047182 0 0.573386 0              -2.51003 -3.49873e-17 21.2435              -0.000268753 2.87823 -3.17546e-05
0.915 11.4549 0 -0.317566 0.976057 0 -0.217514 0 1 0 0.217514 0 0.976057  0.0203827 0 -0.0133149 0 0.606885 0              -2.3535 -2.71807e-17 20.2479              -0.000256158 2.72801 -2.97744e-05
0.92 11.455 0 -0.317562 0.976731 0 -0.21447 0 1 0 0.21447 0 0.976731  0.0116623 -0 0.0168039 0 0.640765 0              -2.10344 -4.50991e-18 19.9182              -0.000251987 2.43557 -2.66108e-05
0.925 11.455 0 -0.317408 0.977434 0 -0.211242 0 1 0 0.211242 0 0.977434  0.00393243 -0 0.045848 0 0.67856 0              -2.09431 -2.57644e-17 21.1755              -0.000267893 2.38137 -2.64952e-05
0.93 11.455 0 -0.317088 0.978168 0 -0.207818 0 1 0 0.207818 0 0.978168  -0.00364643 0 0.0794782 0 0.719497 0              -2.20896 3.88118e-18 19.0121              -0.000240524 2.60719 -2.79458e-05
0.935 11.455 0 -0.316639 0.978923 0 -0.204227 0 1 0 0.204227 0 0.978923  -0.0121232 0 0.104793 0 0.752598 0              -2.1653 2.79856e-17 20.2096              -0.000255673 2.48254 -2.73933e-05
0.94 11.4549 0 -0.316026 0.979706 0 -0.200441 0 1 0 0.200441 0 0.979706  -0.0198357 0 0.137239 0 0.791425 0              -2.19001 -3.4494e-17 20.5204              -0.000259605 2.50795 -2.7706e-05
0.945 11.4548 0 -0.315258 0.98051 0 -0.19647 0 1 0 0.19647 0 0.98051  -0.0277974 0 0.169026 0 0.829027 0              -2.15563 2.67233e-18 20.659              -0.000261358 2.47062 -2.72711e-05
0.95 11.4546 0 -0.314336 0.981334 0 -0.192313 0 1 0 0.192313 0 0.981334  -0.0358261 0 0.200064 0 0.866388 0              -2.12998 -1.6611e-17 20.1282              -0.000254643 2.44556 -2.69466e-05
0.955 11.4544 0 -0.31326 0.982175 0 -0.187968 0 1 0 0.187968 0 0.982175  -0.043635 0 0.230582 0 0.903809 0              -2.12557 7.55836e-18 20.4902              -0.000259224 2.41161 -2.68908e-05
0.96 11.4542 0 -0.312031 0.983031 0 -0.183441 0 1 0 0.183441 0 0.983031  -0.0515591 0 0.261222 0 0.940032 0              -2.33312 -3.31679e-17 19.1669              -0.000242482 2.68848 -2.95165e-05
0.965 11.4539 0 -0.310667 0.983893 0 -0.178757 0 1 0 0.178757 0 0.983893  -0.0601905 0 0.287345 0 0.969594 0              -2.06769 6.19526e-18 20.2742              -0.00025649 2.32942 -2.61586e-05
0.97 11.4536 0 -0.309147 0.984766 0 -0.173887 0 1 0 0.173887 0 0.984766  -0.0677272 0 0.318321 0 1.006 0              -2.25926 2.51929e-17 19.863              -0.000251288 2.5964 -2.8582e-05
0.975 11.4532 0 -0.307486 0.985641 0 -0.168855 0 1 0 0.168855 0 0.985641  -0.0760324 0 0.346993 0 1.03879 0              -2.45103 1.99525e-17 19.0857              -0.000241455 2.86206 -3.10082e-05
0.98 11.4528 0 -0.305694 0.986514 0 -0.163676 0 1 0 0.163676 0 0.986514  -0.0852776 0 0.372241 0 1.06607 0              -2.34613 1.75543e-17 19.1667              -0.00024248 2.71787 -2.96811e-05
0.985 11.4524 0 -0.303767 0.987384 0 -0.158343 0 1 0 0.158343 0 0.987384  -0.094009 0 0.398508 0 1.0952 0              -2.34019 1.58805e-17 20.2643              -0.000256365 2.65806 -2.96059e-05
