*************************Generated by extractMotion.sh**********************
*      Sun Mar 30 14:06:46 MDT 2025 - Case: 3D_RM6_noPTO
* Note: Data was extracted from log.overInterDyMFoam using extractMotion.sh
*       Can be visualized with plotMotion.py                            
****************************************************************************
Time X(x3) Orientation(x9) dX(x3) dX_angular(x3)
0.01 22.9328 0 -0.285989 1 0 3.80253e-05 0 1 0 -3.80253e-05 0 1  -0.000185141 0 0.00226113 0 0.00760505 0
0.02 22.9328 0 -0.285963 1 0 0.000132743 0 1 0 -0.000132743 0 1  -0.00268902 0 0.00451569 0 0.0157654 0
0.03 22.9327 0 -0.285922 1 0 0.000260915 0 1 0 -0.000260915 0 1  -0.00423711 0 0.00525299 0 0.0159884 0
0.04 22.9327 0 -0.285867 1 0 0.000432049 0 1 0 -0.000432049 0 1  -0.00467574 0 0.00606364 0 0.0184166 0
0.05 22.9327 0 -0.285792 1 0 0.000659879 0 1 0 -0.000659879 0 1  -0.00546958 0 0.00813709 0 0.0247427 0
0.06 22.9326 0 -0.285705 1 0 0.000927188 0 1 0 -0.000927188 0 1  -0.00708467 0 0.00952385 0 0.029249 0
0.07 22.9325 0 -0.2856 0.999999 0 0.00123442 0 1 0 -0.00123442 0 0.999999  -0.0081362 0 0.0113591 0 0.0328865 0
0.08 22.9324 0 -0.285485 0.999999 0 0.00158696 0 1 0 -0.00158696 0 0.999999  -0.00912791 0 0.0122372 0 0.0373073 0
0.09 22.9323 0 -0.28535 0.999998 0 0.001982 0 1 0 -0.001982 0 0.999998  -0.0101073 0 0.0142098 0 0.0416603 0
0.1 22.9322 0 -0.285203 0.999997 0 0.00241902 0 1 0 -0.00241902 0 0.999997  -0.0113528 0 0.0154004 0 0.0458427 0
0.11 22.9321 0 -0.285043 0.999996 0 0.0028979 0 1 0 -0.0028979 0 0.999996  -0.0123812 0 0.0167277 0 0.0499816 0
0.12 22.932 0 -0.284862 0.999994 0 0.00341872 0 1 0 -0.00341872 0 0.999994  -0.0132893 0 0.0189237 0 0.0541647 0
0.13 22.9318 0 -0.284673 0.999992 0 0.00398181 0 1 0 -0.00398181 0 0.999992  -0.0146132 0 0.0196158 0 0.0584079 0
0.14 22.9317 0 -0.284463 0.999989 0 0.004585 0 1 0 -0.004585 0 0.999989  -0.0154245 0 0.021766 0 0.0623822 0
0.15 22.9315 0 -0.284241 0.999986 0 0.00522954 0 1 0 -0.00522954 0 0.999986  -0.0165009 0 0.0229547 0 0.0664842 0
0.16 22.9314 0 -0.284003 0.999983 0 0.00591459 0 1 0 -0.00591459 0 0.999983  -0.0175122 0 0.0245614 0 0.0705398 0
0.17 22.9312 0 -0.28375 0.999978 0 0.00663921 0 1 0 -0.00663921 0 0.999978  -0.0184755 0 0.0261286 0 0.0744697 0
0.18 22.931 0 -0.283482 0.999973 0 0.00740348 0 1 0 -0.00740348 0 0.999973  -0.0194814 0 0.0274801 0 0.0784041 0
0.19 22.9308 0 -0.283201 0.999966 0 0.00820652 0 1 0 -0.00820652 0 0.999966  -0.0204036 0 0.0289184 0 0.0822563 0
0.2 22.9306 0 -0.2829 0.999959 0 0.00904779 0 1 0 -0.00904779 0 0.999959  -0.0212062 0 0.0308929 0 0.0860508 0
0.21 22.9304 0 -0.282592 0.999951 0 0.00992759 0 1 0 -0.00992759 0 0.999951  -0.0224192 0 0.0315408 0 0.0898987 0
0.22 22.9301 0 -0.282262 0.999941 0 0.0108434 0 1 0 -0.0108434 0 0.999941  -0.0231317 0 0.0336679 0 0.0934507 0
0.23 22.9299 0 -0.281924 0.99993 0 0.0117954 0 1 0 -0.0117954 0 0.99993  -0.024193 0 0.034502 0 0.0970096 0
0.24 22.9297 0 -0.281569 0.999918 0 0.0127832 0 1 0 -0.0127832 0 0.999918  -0.0249999 0 0.0361302 0 0.100574 0
0.25 22.9294 0 -0.281203 0.999905 0 0.0138059 0 1 0 -0.0138059 0 0.999905  -0.0259346 0 0.0373335 0 0.104043 0
0.26 22.9291 0 -0.280822 0.99989 0 0.0148633 0 1 0 -0.0148633 0 0.99989  -0.0268409 0 0.0387584 0 0.107487 0
0.27 22.9289 0 -0.280428 0.999873 0 0.0159539 0 1 0 -0.0159539 0 0.999873  -0.0277353 0 0.0400131 0 0.11077 0
0.28 22.9286 0 -0.280022 0.999854 0 0.0170776 0 1 0 -0.0170776 0 0.999854  -0.0286065 0 0.0412453 0 0.114038 0
0.29 22.9283 0 -0.279601 0.999834 0 0.0182336 0 1 0 -0.0182336 0 0.999834  -0.0294779 0 0.0427768 0 0.117254 0
0.3 22.928 0 -0.27917 0.999811 0 0.0194213 0 1 0 -0.0194213 0 0.999811  -0.0304353 0 0.0437411 0 0.12038 0
0.31 22.9277 0 -0.278721 0.999787 0 0.0206397 0 1 0 -0.0206397 0 0.999787  -0.0311902 0 0.0454885 0 0.12342 0
0.32 22.9274 0 -0.278264 0.99976 0 0.0218885 0 1 0 -0.0218885 0 0.99976  -0.0321969 0 0.046345 0 0.126433 0
0.33 22.927 0 -0.277791 0.999732 0 0.0231663 0 1 0 -0.0231663 0 0.999732  -0.0329372 0 0.0479189 0 0.129293 0
0.34 22.9267 0 -0.277305 0.9997 0 0.0244733 0 1 0 -0.0244733 0 0.9997  -0.0338224 0 0.0493639 0 0.132185 0
0.35 22.9264 0 -0.276809 0.999667 0 0.0258085 0 1 0 -0.0258085 0 0.999667  -0.0347798 0 0.0501686 0 0.134991 0
0.36 22.926 0 -0.276299 0.999631 0 0.0271696 0 1 0 -0.0271696 0 0.999631  -0.0354623 0 0.0515904 0 0.137513 0
0.37 22.9257 0 -0.275779 0.999592 0 0.0285574 0 1 0 -0.0285574 0 0.999592  -0.0362735 0 0.0525897 0 0.140132 0
0.38 22.9253 0 -0.275249 0.999551 0 0.0299704 0 1 0 -0.0299704 0 0.999551  -0.0370953 0 0.0534971 0 0.14265 0
0.39 22.9249 0 -0.274701 0.999507 0 0.0314089 0 1 0 -0.0314089 0 0.999507  -0.0374864 0 0.0555373 0 0.145184 0
0.4 22.9245 0 -0.274148 0.99946 0 0.0328719 0 1 0 -0.0328719 0 0.99946  -0.0386191 0 0.0559485 0 0.147635 0
0.41 22.9241 0 -0.273577 0.99941 0 0.0343575 0 1 0 -0.0343575 0 0.99941  -0.0391942 0 0.0576384 0 0.149827 0
0.42 22.9237 0 -0.272994 0.999357 0 0.0358663 0 1 0 -0.0358663 0 0.999357  -0.039907 0 0.058934 0 0.152101 0
0.43 22.9233 0 -0.272407 0.999301 0 0.0373965 0 1 0 -0.0373965 0 0.999301  -0.0408837 0 0.059187 0 0.154241 0
0.44 22.9229 0 -0.271796 0.999241 0 0.0389467 0 1 0 -0.0389467 0 0.999241  -0.0412041 0 0.0616099 0 0.156176 0
0.45 22.9225 0 -0.271186 0.999179 0 0.0405179 0 1 0 -0.0405179 0 0.999179  -0.0422579 0 0.0616937 0 0.158264 0
0.46 22.9221 0 -0.27056 0.999113 0 0.042107 0 1 0 -0.042107 0 0.999113  -0.0428821 0 0.0630621 0 0.160013 0
0.47 22.9217 0 -0.269921 0.999044 0 0.0437107 0 1 0 -0.0437107 0 0.999044  -0.0436515 0 0.0645106 0 0.161332 0
0.48 22.9212 0 -0.269282 0.998972 0 0.0453342 0 1 0 -0.0453342 0 0.998972  -0.0444728 0 0.0643726 0 0.163335 0
0.49 22.9208 0 -0.268619 0.998896 0 0.0469725 0 1 0 -0.0469725 0 0.998896  -0.044757 0 0.0668307 0 0.164877 0
0.5 22.9203 0 -0.267957 0.998817 0 0.0486263 0 1 0 -0.0486263 0 0.998817  -0.0460107 0 0.0667676 0 0.166352 0
0.51 22.9199 0 -0.267281 0.998735 0 0.0502892 0 1 0 -0.0502892 0 0.998735  -0.0466963 0 0.0679854 0 0.167113 0
0.52 22.9194 0 -0.266596 0.998649 0 0.0519685 0 1 0 -0.0519685 0 0.998649  -0.0471394 0 0.0689586 0 0.168748 0
0.53 22.9189 0 -0.265925 0.998559 0 0.0536565 0 1 0 -0.0536565 0 0.998559  -0.0482192 0 0.0671457 0 0.16965 0
0.54 22.9184 0 -0.265217 0.998467 0 0.0553528 0 1 0 -0.0553528 0 0.998467  -0.0479212 0 0.0712156 0 0.170342 0
0.55 22.9179 0 -0.264533 0.998371 0 0.0570604 0 1 0 -0.0570604 0 0.998371  -0.0496551 0 0.0687574 0 0.171493 0
0.56 22.9174 0 -0.263823 0.998271 0 0.0587753 0 1 0 -0.0587753 0 0.998271  -0.0495039 0 0.0711077 0 0.172242 0
0.57 22.9169 0 -0.263114 0.998168 0 0.0604986 0 1 0 -0.0604986 0 0.998168  -0.0501568 0 0.0714044 0 0.173058 0
0.58 22.9164 0 -0.262402 0.998062 0 0.062227 0 1 0 -0.062227 0 0.998062  -0.0510872 0 0.0713688 0 0.173502 0
0.59 22.9159 0 -0.261672 0.997952 0 0.0639633 0 1 0 -0.0639633 0 0.997952  -0.051129 0 0.0733652 0 0.174289 0
0.6 22.9154 0 -0.260954 0.997839 0 0.0657053 0 1 0 -0.0657053 0 0.997839  -0.0521497 0 0.0721107 0 0.17491 0
0.61 22.9149 0 -0.260201 0.997722 0 0.0674524 0 1 0 -0.0674524 0 0.997722  -0.0520322 0 0.0757995 0 0.175393 0
0.62 22.9144 0 -0.259448 0.997602 0 0.0692071 0 1 0 -0.0692071 0 0.997602  -0.0531984 0 0.0762001 0 0.176195 0
0.63 22.9138 0 -0.258698 0.997479 0 0.0709668 0 1 0 -0.0709668 0 0.997479  -0.0539684 0 0.0751734 0 0.176724 0
0.64 22.9133 0 -0.257919 0.997352 0 0.072726 0 1 0 -0.072726 0 0.997352  -0.0534931 0 0.0783498 0 0.176516 0
0.65 22.9127 0 -0.257155 0.997222 0 0.0744928 0 1 0 -0.0744928 0 0.997222  -0.0546716 0 0.0768157 0 0.177301 0
0.66 22.9122 0 -0.256374 0.997088 0 0.0762583 0 1 0 -0.0762583 0 0.997088  -0.0548856 0 0.0782302 0 0.177216 0
0.67 22.9116 0 -0.255608 0.996952 0 0.0780219 0 1 0 -0.0780219 0 0.996952  -0.055473 0 0.0766064 0 0.176837 0
0.68 22.9111 0 -0.254803 0.996812 0 0.0797858 0 1 0 -0.0797858 0 0.996812  -0.0551183 0 0.0808636 0 0.176879 0
0.69 22.9105 0 -0.254026 0.996669 0 0.0815535 0 1 0 -0.0815535 0 0.996669  -0.0567758 0 0.0781723 0 0.177452 0
0.7 22.91 0 -0.253223 0.996523 0 0.0833139 0 1 0 -0.0833139 0 0.996523  -0.0563896 0 0.0802828 0 0.176614 0
0.71 22.9094 0 -0.252426 0.996375 0 0.0850729 0 1 0 -0.0850729 0 0.996375  -0.0568296 0 0.0800612 0 0.176307 0
0.72 22.9088 0 -0.251633 0.996223 0 0.0868274 0 1 0 -0.0868274 0 0.996223  -0.0575697 0 0.0790964 0 0.175914 0
0.73 22.9083 0 -0.250817 0.996069 0 0.0885758 0 1 0 -0.0885758 0 0.996069  -0.0572698 0 0.0819793 0 0.17528 0
0.74 22.9077 0 -0.250019 0.995913 0 0.0903205 0 1 0 -0.0903205 0 0.995913  -0.0584419 0 0.0799497 0 0.174925 0
0.75 22.9071 0 -0.249226 0.995754 0 0.0920551 0 1 0 -0.0920551 0 0.995754  -0.0584865 0 0.0788844 0 0.173857 0
0.76 22.9065 0 -0.248414 0.995593 0 0.0937795 0 1 0 -0.0937795 0 0.995593  -0.0579548 0 0.0812332 0 0.172693 0
0.77 22.9059 0 -0.247628 0.995429 0 0.0955004 0 1 0 -0.0955004 0 0.995429  -0.0593195 0 0.0785577 0 0.172485 0
0.78 22.9053 0 -0.246821 0.995264 0 0.0972085 0 1 0 -0.0972085 0 0.995264  -0.0587817 0 0.0805805 0 0.17124 0
0.79 22.9047 0 -0.24602 0.995096 0 0.0989101 0 1 0 -0.0989101 0 0.995096  -0.0592626 0 0.0803546 0 0.170532 0
0.8 22.9042 0 -0.245225 0.994927 0 0.100603 0 1 0 -0.100603 0 0.994927  -0.0598102 0 0.0793928 0 0.1697 0
0.81 22.9036 0 -0.244414 0.994755 0 0.102284 0 1 0 -0.102284 0 0.994755  -0.0594456 0 0.0812168 0 0.168481 0
0.82 22.903 0 -0.243616 0.994582 0 0.103956 0 1 0 -0.103956 0 0.994582  -0.0602871 0 0.0799331 0 0.167609 0
0.83 22.9024 0 -0.242812 0.994407 0 0.105616 0 1 0 -0.105616 0 0.994407  -0.0602658 0 0.0803793 0 0.166338 0
0.84 22.9018 0 -0.242008 0.994231 0 0.107264 0 1 0 -0.107264 0 0.994231  -0.0604021 0 0.0804835 0 0.165212 0
0.85 22.9011 0 -0.241204 0.994053 0 0.1089 0 1 0 -0.1089 0 0.994053  -0.0608669 0 0.0804468 0 0.163951 0
0.86 22.9005 0 -0.240399 0.993874 0 0.110522 0 1 0 -0.110522 0 0.993874  -0.0610443 0 0.0804408 0 0.162555 0
0.87 22.8999 0 -0.239595 0.993693 0 0.112134 0 1 0 -0.112134 0 0.993693  -0.0611431 0 0.0804178 0 0.161536 0
0.88 22.8993 0 -0.238792 0.993512 0 0.113729 0 1 0 -0.113729 0 0.993512  -0.0613643 0 0.0803416 0 0.15994 0
0.89 22.8987 0 -0.237989 0.993329 0 0.115312 0 1 0 -0.115312 0 0.993329  -0.0615818 0 0.0802415 0 0.158596 0
0.9 22.8981 0 -0.23719 0.993146 0 0.116879 0 1 0 -0.116879 0 0.993146  -0.0618355 0 0.0798474 0 0.157072 0
0.91 22.8975 0 -0.236387 0.992962 0 0.118431 0 1 0 -0.118431 0 0.992962  -0.0619081 0 0.0802555 0 0.155525 0
0.92 22.8968 0 -0.235593 0.992778 0 0.119966 0 1 0 -0.119966 0 0.992778  -0.0624625 0 0.0792642 0 0.153792 0
0.93 22.8962 0 -0.234787 0.992593 0 0.121485 0 1 0 -0.121485 0 0.992593  -0.0622537 0 0.0806584 0 0.152231 0
0.94 22.8956 0 -0.233998 0.992408 0 0.122988 0 1 0 -0.122988 0 0.992408  -0.0630647 0 0.0787575 0 0.150597 0
0.95 22.895 0 -0.233198 0.992223 0 0.124471 0 1 0 -0.124471 0 0.992223  -0.062805 0 0.079905 0 0.148646 0
0.96 22.8943 0 -0.232407 0.992038 0 0.125938 0 1 0 -0.125938 0 0.992038  -0.0633121 0 0.0790921 0 0.146967 0
0.97 22.8937 0 -0.231619 0.991853 0 0.127387 0 1 0 -0.127387 0 0.991853  -0.0636 0 0.0786252 0 0.14512 0
0.98 22.8931 0 -0.230819 0.991669 0 0.128816 0 1 0 -0.128816 0 0.991669  -0.0634308 0 0.0801097 0 0.143192 0
0.99 22.8924 0 -0.230037 0.991484 0 0.13023 0 1 0 -0.13023 0 0.991484  -0.0643909 0 0.0780909 0 0.141717 0
1 22.8918 0 -0.229246 0.9913 0 0.131621 0 1 0 -0.131621 0 0.9913  -0.0640997 0 0.0788858 0 0.139426 0
1.01 22.8911 0 -0.228468 0.991117 0 0.132993 0 1 0 -0.132993 0 0.991117  -0.064694 0 0.0777375 0 0.137299 0
1.02 22.8905 0 -0.227686 0.990935 0 0.134345 0 1 0 -0.134345 0 0.990935  -0.0647879 0 0.0780968 0 0.135377 0
1.03 22.8898 0 -0.22691 0.990753 0 0.135676 0 1 0 -0.135676 0 0.990753  -0.0650858 0 0.0775028 0 0.133428 0
1.04 22.8892 0 -0.226142 0.990573 0 0.136987 0 1 0 -0.136987 0 0.990573  -0.0654396 0 0.0765216 0 0.131222 0
1.05 22.8885 0 -0.225371 0.990394 0 0.138275 0 1 0 -0.138275 0 0.990394  -0.0654379 0 0.076808 0 0.128954 0
1.06 22.8879 0 -0.224609 0.990216 0 0.139542 0 1 0 -0.139542 0 0.990216  -0.0659057 0 0.0760687 0 0.126886 0
1.07 22.8872 0 -0.223856 0.99004 0 0.140787 0 1 0 -0.140787 0 0.99004  -0.0662276 0 0.0749827 0 0.124604 0
1.08 22.8866 0 -0.223098 0.989866 0 0.142008 0 1 0 -0.142008 0 0.989866  -0.0660739 0 0.0755913 0 0.122241 0
1.09 22.8859 0 -0.222358 0.989692 0 0.143209 0 1 0 -0.143209 0 0.989692  -0.0668268 0 0.0738281 0 0.120279 0
1.1 22.8852 0 -0.221616 0.989522 0 0.144384 0 1 0 -0.144384 0 0.989522  -0.0667255 0 0.0738487 0 0.117582 0
1.11 22.8845 0 -0.220885 0.989353 0 0.145537 0 1 0 -0.145537 0 0.989353  -0.0671776 0 0.0727379 0 0.115215 0
1.12 22.8839 0 -0.22016 0.989186 0 0.146666 0 1 0 -0.146666 0 0.989186  -0.0673755 0 0.0721343 0 0.112957 0
1.13 22.8832 0 -0.219437 0.989022 0 0.14777 0 1 0 -0.14777 0 0.989022  -0.0674484 0 0.0720769 0 0.110505 0
1.14 22.8825 0 -0.218723 0.98886 0 0.148852 0 1 0 -0.148852 0 0.98886  -0.0678876 0 0.0712549 0 0.108161 0
1.15 22.8818 0 -0.218002 0.9887 0 0.149911 0 1 0 -0.149911 0 0.9887  -0.0678156 0 0.072028 0 0.105977 0
1.16 22.8812 0 -0.217294 0.988542 0 0.150948 0 1 0 -0.150948 0 0.988542  -0.0684452 0 0.0706833 0 0.103739 0
1.17 22.8805 0 -0.216585 0.988387 0 0.151961 0 1 0 -0.151961 0 0.988387  -0.0683078 0 0.0706336 0 0.101331 0
1.18 22.8798 0 -0.215885 0.988234 0 0.152949 0 1 0 -0.152949 0 0.988234  -0.0686856 0 0.0697915 0 0.0988222 0
1.19 22.8791 0 -0.215185 0.988084 0 0.153914 0 1 0 -0.153914 0 0.988084  -0.0687955 0 0.0697269 0 0.096404 0
1.2 22.8784 0 -0.214497 0.987937 0 0.154855 0 1 0 -0.154855 0 0.987937  -0.0692132 0 0.0685584 0 0.0940356 0
1.21 22.8777 0 -0.213803 0.987793 0 0.155771 0 1 0 -0.155771 0 0.987793  -0.0690173 0 0.0692167 0 0.0915612 0
1.22 22.877 0 -0.213101 0.987651 0 0.156668 0 1 0 -0.156668 0 0.987651  -0.0690352 0 0.0705939 0 0.0896505 0
1.23 22.8763 0 -0.212463 0.987513 0 0.157537 0 1 0 -0.157537 0 0.987513  -0.0712392 0 0.0628051 0 0.0868046 0
1.24 22.8756 0 -0.21176 0.98738 0 0.15837 0 1 0 -0.15837 0 0.98738  -0.0683023 0 0.0699193 0 0.082836 0
1.25 22.8749 0 -0.211132 0.987248 0 0.159189 0 1 0 -0.159189 0 0.987248  -0.0711395 0 0.0626694 0 0.0815488 0
1.26 22.8742 0 -0.210467 0.987121 0 0.159975 0 1 0 -0.159975 0 0.987121  -0.0696618 0 0.0657352 0 0.0784957 0
1.27 22.8735 0 -0.209824 0.986997 0 0.160737 0 1 0 -0.160737 0 0.986997  -0.0700383 0 0.0642444 0 0.0758585 0
1.28 22.8728 0 -0.209199 0.986877 0 0.161476 0 1 0 -0.161476 0 0.986877  -0.0707991 0 0.0618543 0 0.0735984 0
1.29 22.8721 0 -0.208558 0.98676 0 0.162185 0 1 0 -0.162185 0 0.98676  -0.0697569 0 0.0637565 0 0.0705652 0
1.3 22.8714 0 -0.207954 0.986647 0 0.162873 0 1 0 -0.162873 0 0.986647  -0.0709684 0 0.0600306 0 0.0683576 0
1.31 22.8707 0 -0.207336 0.986538 0 0.163531 0 1 0 -0.163531 0 0.986538  -0.0700873 0 0.0612642 0 0.0653672 0
1.32 22.87 0 -0.206745 0.986433 0 0.164164 0 1 0 -0.164164 0 0.986433  -0.0706218 0 0.058747 0 0.06283 0
1.33 22.8693 0 -0.206158 0.986332 0 0.16477 0 1 0 -0.16477 0 0.986332  -0.0704879 0 0.0579434 0 0.0600499 0
1.34 22.8686 0 -0.205574 0.986235 0 0.165349 0 1 0 -0.165349 0 0.986235  -0.0700592 0 0.0581149 0 0.0573841 0
1.35 22.8679 0 -0.20501 0.986142 0 0.165905 0 1 0 -0.165905 0 0.986142  -0.0704873 0 0.0558824 0 0.0550818 0
1.36 22.8672 0 -0.204444 0.986053 0 0.166432 0 1 0 -0.166432 0 0.986053  -0.0699316 0 0.0560668 0 0.052165 0
1.37 22.8665 0 -0.203895 0.985968 0 0.166935 0 1 0 -0.166935 0 0.985968  -0.0700103 0 0.0545369 0 0.0496857 0
1.38 22.8658 0 -0.203356 0.985887 0 0.167414 0 1 0 -0.167414 0 0.985887  -0.0698168 0 0.0533135 0 0.0473364 0
1.39 22.8651 0 -0.202821 0.98581 0 0.167865 0 1 0 -0.167865 0 0.98581  -0.069324 0 0.0531283 0 0.0445334 0
1.4 22.8644 0 -0.202304 0.985737 0 0.168293 0 1 0 -0.168293 0 0.985737  -0.0695191 0 0.0512297 0 0.0420409 0
1.41 22.8637 0 -0.201789 0.985669 0 0.168694 0 1 0 -0.168694 0 0.985669  -0.0689603 0 0.0509712 0 0.039366 0
1.42 22.863 0 -0.201289 0.985604 0 0.169069 0 1 0 -0.169069 0 0.985604  -0.0688742 0 0.049494 0 0.03684 0
1.43 22.8623 0 -0.200798 0.985544 0 0.16942 0 1 0 -0.16942 0 0.985544  -0.0683919 0 0.0486157 0 0.0343167 0
1.44 22.8617 0 -0.200319 0.985488 0 0.169745 0 1 0 -0.169745 0 0.985488  -0.0681333 0 0.0473022 0 0.0316344 0
1.45 22.861 0 -0.199848 0.985436 0 0.170045 0 1 0 -0.170045 0 0.985436  -0.0676423 0 0.0466172 0 0.0291316 0
1.46 22.8603 0 -0.199386 0.985389 0 0.17032 0 1 0 -0.17032 0 0.985389  -0.0672026 0 0.0457434 0 0.0267092 0
1.47 22.8596 0 -0.198938 0.985345 0 0.170571 0 1 0 -0.170571 0 0.985345  -0.0668982 0 0.0443388 0 0.0242904 0
1.48 22.859 0 -0.198513 0.985307 0 0.170795 0 1 0 -0.170795 0 0.985307  -0.066787 0 0.0415777 0 0.0214183 0
1.49 22.8583 0 -0.19808 0.985272 0 0.170993 0 1 0 -0.170993 0 0.985272  -0.0653101 0 0.0428153 0 0.0186934 0
1.5 22.8577 0 -0.197673 0.985241 0 0.171171 0 1 0 -0.171171 0 0.985241  -0.065484 0 0.0403253 0 0.016914 0
1.51 22.857 0 -0.197269 0.985215 0 0.171323 0 1 0 -0.171323 0 0.985215  -0.0646742 0 0.0398404 0 0.0142398 0
1.52 22.8564 0 -0.196874 0.985193 0 0.171451 0 1 0 -0.171451 0 0.985193  -0.0638826 0 0.0390836 0 0.0117296 0
1.53 22.8557 0 -0.196496 0.985174 0 0.171557 0 1 0 -0.171557 0 0.985174  -0.0635427 0 0.0371815 0 0.0095461 0
1.54 22.8551 0 -0.19612 0.98516 0 0.171638 0 1 0 -0.171638 0 0.98516  -0.0624465 0 0.0371173 0 0.00707484 0
1.55 22.8545 0 -0.195761 0.98515 0 0.171697 0 1 0 -0.171697 0 0.98515  -0.0620028 0 0.0353571 0 0.004844 0
1.56 22.8539 0 -0.195409 0.985144 0 0.171733 0 1 0 -0.171733 0 0.985144  -0.0611042 0 0.0346214 0 0.0024883 0
1.57 22.8533 0 -0.195068 0.985141 0 0.171746 0 1 0 -0.171746 0 0.985141  -0.0602573 0 0.0336945 0 0.000213564 0
1.58 22.8527 0 -0.194739 0.985143 0 0.171738 0 1 0 -0.171738 0 0.985143  -0.0595658 0 0.0323379 0 -0.00195065 0
1.59 22.8521 0 -0.194416 0.985148 0 0.171707 0 1 0 -0.171707 0 0.985148  -0.0585201 0 0.0317996 0 -0.0042931 0
1.6 22.8515 0 -0.194106 0.985157 0 0.171656 0 1 0 -0.171656 0 0.985157  -0.0576563 0 0.0305586 0 -0.00626589 0
1.61 22.8509 0 -0.193806 0.98517 0 0.171583 0 1 0 -0.171583 0 0.98517  -0.0567899 0 0.0294292 0 -0.00849706 0
1.62 22.8504 0 -0.193515 0.985186 0 0.171488 0 1 0 -0.171488 0 0.985186  -0.055755 0 0.028611 0 -0.010723 0
1.63 22.8498 0 -0.193236 0.985206 0 0.171373 0 1 0 -0.171373 0 0.985206  -0.0548585 0 0.0273547 0 -0.0127512 0
1.64 22.8493 0 -0.192967 0.98523 0 0.171237 0 1 0 -0.171237 0 0.98523  -0.0538206 0 0.0263674 0 -0.0148658 0
1.65 22.8487 0 -0.192709 0.985257 0 0.171081 0 1 0 -0.171081 0 0.985257  -0.0527473 0 0.0253064 0 -0.0168925 0
1.66 22.8482 0 -0.192461 0.985288 0 0.170904 0 1 0 -0.170904 0 0.985288  -0.0517258 0 0.0242339 0 -0.0189417 0
1.67 22.8477 0 -0.192224 0.985322 0 0.170708 0 1 0 -0.170708 0 0.985322  -0.0506627 0 0.023175 0 -0.0209663 0
1.68 22.8472 0 -0.192002 0.985359 0 0.17049 0 1 0 -0.17049 0 0.985359  -0.0497993 0 0.0216125 0 -0.0231098 0
1.69 22.8467 0 -0.191783 0.9854 0 0.170254 0 1 0 -0.170254 0 0.9854  -0.0483118 0 0.0213355 0 -0.0250083 0
1.7 22.8462 0 -0.191592 0.985444 0 0.169999 0 1 0 -0.169999 0 0.985444  -0.0477944 0 0.0184295 0 -0.0268124 0
1.71 22.8458 0 -0.191393 0.985492 0 0.169723 0 1 0 -0.169723 0 0.985492  -0.0458018 0 0.0193409 0 -0.0289717 0
1.72 22.8453 0 -0.191221 0.985542 0 0.169432 0 1 0 -0.169432 0 0.985542  -0.045241 0 0.0167683 0 -0.0304806 0
1.73 22.8448 0 -0.19105 0.985595 0 0.169122 0 1 0 -0.169122 0 0.985595  -0.0437051 0 0.0164607 0 -0.0323199 0
1.74 22.8444 0 -0.190891 0.985651 0 0.168794 0 1 0 -0.168794 0 0.985651  -0.042453 0 0.0154911 0 -0.0341339 0
1.75 22.844 0 -0.190746 0.98571 0 0.168451 0 1 0 -0.168451 0 0.98571  -0.0414329 0 0.0139157 0 -0.0357285 0
1.76 22.8436 0 -0.190604 0.985772 0 0.168089 0 1 0 -0.168089 0 0.985772  -0.0398482 0 0.0137545 0 -0.0374958 0
1.77 22.8432 0 -0.190478 0.985836 0 0.167713 0 1 0 -0.167713 0 0.985836  -0.03884 0 0.0120888 0 -0.0389924 0
1.78 22.8428 0 -0.190357 0.985903 0 0.16732 0 1 0 -0.16732 0 0.985903  -0.0373664 0 0.0115956 0 -0.0406584 0
1.79 22.8424 0 -0.190248 0.985972 0 0.166912 0 1 0 -0.166912 0 0.985972  -0.0361046 0 0.010538 0 -0.0421783 0
1.8 22.8421 0 -0.190149 0.986043 0 0.166489 0 1 0 -0.166489 0 0.986043  -0.0348601 0 0.00936776 0 -0.0436441 0
1.81 22.8418 0 -0.190056 0.986117 0 0.166051 0 1 0 -0.166051 0 0.986117  -0.0333563 0 0.00887325 0 -0.0451719 0
1.82 22.8414 0 -0.189975 0.986193 0 0.1656 0 1 0 -0.1656 0 0.986193  -0.0321549 0 0.00761086 0 -0.0465296 0
1.83 22.8411 0 -0.189901 0.986271 0 0.165134 0 1 0 -0.165134 0 0.986271  -0.0307229 0 0.00690069 0 -0.0479613 0
1.84 22.8408 0 -0.189831 0.986351 0 0.164654 0 1 0 -0.164654 0 0.986351  -0.0291737 0 0.00674764 0 -0.0493337 0
1.85 22.8405 0 -0.189778 0.986433 0 0.164163 0 1 0 -0.164163 0 0.986433  -0.0281858 0 0.00487355 0 -0.0504247 0
1.86 22.8403 0 -0.189723 0.986517 0 0.163657 0 1 0 -0.163657 0 0.986517  -0.0264117 0 0.00501638 0 -0.0519094 0
1.87 22.84 0 -0.189685 0.986603 0 0.16314 0 1 0 -0.16314 0 0.986603  -0.0252882 0 0.00348592 0 -0.0530226 0
1.88 22.8397 0 -0.189652 0.98669 0 0.162611 0 1 0 -0.162611 0 0.98669  -0.0238136 0 0.0028007 0 -0.054214 0
1.89 22.8395 0 -0.189625 0.986779 0 0.16207 0 1 0 -0.16207 0 0.986779  -0.0222611 0 0.00235655 0 -0.0554029 0
1.9 22.8393 0 -0.189612 0.98687 0 0.161519 0 1 0 -0.161519 0 0.98687  -0.0211274 0 0.000831205 0 -0.0564176 0
1.91 22.8391 0 -0.189601 0.986962 0 0.160956 0 1 0 -0.160956 0 0.986962  -0.0194564 0 0.000652371 0 -0.0576036 0
1.92 22.8389 0 -0.189604 0.987055 0 0.160383 0 1 0 -0.160383 0 0.987055  -0.018244 0 -0.000719706 0 -0.058574 0
1.93 22.8387 0 -0.189612 0.987149 0 0.1598 0 1 0 -0.1598 0 0.987149  -0.0167033 0 -0.00114223 0 -0.0596168 0
1.94 22.8386 0 -0.189629 0.987245 0 0.159207 0 1 0 -0.159207 0 0.987245  -0.0153459 0 -0.00206654 0 -0.060558 0
1.95 22.8384 0 -0.189654 0.987342 0 0.158605 0 1 0 -0.158605 0 0.987342  -0.0139704 0 -0.00294035 0 -0.0614895 0
1.96 22.8383 0 -0.189685 0.98744 0 0.157993 0 1 0 -0.157993 0 0.98744  -0.0124701 0 -0.00350001 0 -0.0623889 0
1.97 22.8382 0 -0.189726 0.987539 0 0.157374 0 1 0 -0.157374 0 0.987539  -0.0111475 0 -0.00451523 0 -0.063162 0
1.98 22.8381 0 -0.189773 0.987639 0 0.156746 0 1 0 -0.156746 0 0.987639  -0.00964364 0 -0.00501877 0 -0.0639915 0
1.99 22.838 0 -0.189827 0.98774 0 0.15611 0 1 0 -0.15611 0 0.98774  -0.00828297 0 -0.00582063 0 -0.064753 0
2 22.8379 0 -0.189891 0.987841 0 0.155468 0 1 0 -0.155468 0 0.987841  -0.00692175 0 -0.00672533 0 -0.0654475 0
2.01 22.8378 0 -0.189959 0.987943 0 0.154817 0 1 0 -0.154817 0 0.987943  -0.00544003 0 -0.00722491 0 -0.0661928 0
2.02 22.8378 0 -0.190037 0.988046 0 0.154161 0 1 0 -0.154161 0 0.988046  -0.00410864 0 -0.00816183 -0 -0.0667883 0
2.03 22.8378 0 -0.190122 0.988149 0 0.153498 0 1 0 -0.153498 0 0.988149  -0.00267287 0 -0.00882574 -0 -0.0673947 0
2.04 22.8377 0 -0.190212 0.988253 0 0.15283 0 1 0 -0.15283 0 0.988253  -0.00119103 0 -0.00936535 -0 -0.0679075 0
2.05 22.8377 0 -0.190311 0.988356 0 0.152156 0 1 0 -0.152156 0 0.988356  0.000130154 0 -0.010218 -0 -0.0683711 0
2.06 22.8377 0 -0.190414 0.988461 0 0.151478 0 1 0 -0.151478 0 0.988461  0.00159728 0 -0.0106696 -0 -0.0688881 0
2.07 22.8378 0 -0.190527 0.988565 0 0.150795 0 1 0 -0.150795 0 0.988565  0.00288768 0 -0.0116406 -0 -0.0693299 0
2.08 22.8378 0 -0.190643 0.98867 0 0.150108 0 1 0 -0.150108 0 0.98867  0.00441968 0 -0.0118823 -0 -0.0697183 0
2.09 22.8379 0 -0.190767 0.988774 0 0.149418 0 1 0 -0.149418 0 0.988774  0.0056992 0 -0.0126904 -0 -0.0700169 0
2.1 22.8379 0 -0.190896 0.988879 0 0.148724 0 1 0 -0.148724 0 0.988879  0.00708832 0 -0.0132215 -0 -0.0703553 0
2.11 22.838 0 -0.19103 0.988983 0 0.148027 0 1 0 -0.148027 0 0.988983  0.00853934 0 -0.0136529 -0 -0.0706335 0
2.12 22.8381 0 -0.191176 0.989087 0 0.14733 0 1 0 -0.14733 0 0.989087  0.00974227 0 -0.0150151 -0 -0.0705232 0
2.13 22.8382 0 -0.19132 0.989192 0 0.146628 0 1 0 -0.146628 0 0.989192  0.0114007 0 -0.0146286 -0 -0.0709911 0
2.14 22.8383 0 -0.191477 0.989295 0 0.145927 0 1 0 -0.145927 0 0.989295  0.0124134 0 -0.0159924 -0 -0.0710563 0
2.15 22.8384 0 -0.191635 0.989399 0 0.145223 0 1 0 -0.145223 0 0.989399  0.0138938 0 -0.0161425 -0 -0.0711945 0
2.16 22.8386 0 -0.191794 0.989502 0 0.144521 0 1 0 -0.144521 0 0.989502  0.0156656 0 -0.0159987 -0 -0.0709613 0
2.17 22.8388 0 -0.191969 0.989604 0 0.143818 0 1 0 -0.143818 0 0.989604  0.0163689 0 -0.0177801 -0 -0.0710209 0
2.18 22.8389 0 -0.192137 0.989707 0 0.143111 0 1 0 -0.143111 0 0.989707  0.0180234 0 -0.0170843 -0 -0.0714657 0
2.19 22.8391 0 -0.192319 0.989808 0 0.142407 0 1 0 -0.142407 0 0.989808  0.0190557 0 -0.0183748 -0 -0.0711673 0
2.2 22.8393 0 -0.192503 0.989909 0 0.141703 0 1 0 -0.141703 0 0.989909  0.0203792 0 -0.0187336 0 -0.0711713 0
2.21 22.8395 0 -0.192692 0.99001 0 0.140997 0 1 0 -0.140997 0 0.99001  0.0215753 0 -0.0191282 0 -0.0712708 0
2.22 22.8397 0 -0.192889 0.99011 0 0.140293 0 1 0 -0.140293 0 0.99011  0.0227096 0 -0.019978 0 -0.0710776 0
2.23 22.84 0 -0.193084 0.990209 0 0.13959 0 1 0 -0.13959 0 0.990209  0.0241088 0 -0.0197906 0 -0.0709301 0
2.24 22.8402 0 -0.19329 0.990308 0 0.138887 0 1 0 -0.138887 0 0.990308  0.0249807 0 -0.0207945 0 -0.0710345 0
2.25 22.8405 0 -0.193508 0.990406 0 0.138186 0 1 0 -0.138186 0 0.990406  0.0260599 0 -0.0221966 0 -0.0707087 0
2.26 22.8407 0 -0.193718 0.990504 0 0.137485 0 1 0 -0.137485 0 0.990504  0.02778 0 -0.021246 0 -0.0706981 0
2.27 22.841 0 -0.193955 0.9906 0 0.136789 0 1 0 -0.136789 0 0.9906  0.0281551 0 -0.0241392 0 -0.070168 0
2.28 22.8413 0 -0.194175 0.990696 0 0.136092 0 1 0 -0.136092 0 0.990696  0.0300616 0 -0.0222622 -0 -0.0702525 0
2.29 22.8416 0 -0.194417 0.990791 0 0.1354 0 1 0 -0.1354 0 0.990791  0.0305823 0 -0.0243914 -0 -0.0697062 0
2.3 22.8419 0 -0.194659 0.990885 0 0.134709 0 1 0 -0.134709 0 0.990885  0.031844 0 -0.0246003 -0 -0.0695097 0
2.31 22.8423 0 -0.194902 0.990978 0 0.134022 0 1 0 -0.134022 0 0.990978  0.0331562 0 -0.0244799 -0 -0.0692808 0
2.32 22.8426 0 -0.195159 0.99107 0 0.133339 0 1 0 -0.133339 0 0.99107  0.0338216 0 -0.0259301 0 -0.0687117 0
2.33 22.8429 0 -0.195412 0.991162 0 0.132658 0 1 0 -0.132658 0 0.991162  0.0351868 0 -0.0255815 0 -0.0685135 0
2.34 22.8433 0 -0.195679 0.991252 0 0.131982 0 1 0 -0.131982 0 0.991252  0.0359536 0 -0.0269857 0 -0.0680269 0
2.35 22.8437 0 -0.19594 0.991341 0 0.13131 0 1 0 -0.13131 0 0.991341  0.0372771 0 -0.0262525 0 -0.0676288 0
2.36 22.844 0 -0.196216 0.99143 0 0.130643 0 1 0 -0.130643 0 0.99143  0.0378824 0 -0.0278318 0 -0.0670521 0
2.37 22.8444 0 -0.196489 0.991517 0 0.129978 0 1 0 -0.129978 0 0.991517  0.0391171 0 -0.0276382 0 -0.0667586 0
2.38 22.8448 0 -0.19677 0.991603 0 0.12932 0 1 0 -0.12932 0 0.991603  0.0400175 0 -0.0282332 0 -0.0662098 0
2.39 22.8452 0 -0.197058 0.991688 0 0.128666 0 1 0 -0.128666 0 0.991688  0.0407996 0 -0.0290913 -0 -0.0656702 0
2.4 22.8456 0 -0.197346 0.991772 0 0.128016 0 1 0 -0.128016 0 0.991772  0.041898 0 -0.029063 -0 -0.065267 0
2.41 22.8461 0 -0.197642 0.991855 0 0.127373 0 1 0 -0.127373 0 0.991855  0.0426535 0 -0.0297151 -0 -0.0646685 0
2.42 22.8465 0 -0.197941 0.991937 0 0.126734 0 1 0 -0.126734 0 0.991937  0.0435067 0 -0.0301752 -0 -0.0641168 0
2.43 22.8469 0 -0.198244 0.992018 0 0.1261 0 1 0 -0.1261 0 0.992018  0.0443739 0 -0.030453 -0 -0.0636169 0
2.44 22.8474 0 -0.198552 0.992097 0 0.125473 0 1 0 -0.125473 0 0.992097  0.0451382 0 -0.0310417 -0 -0.06299 0
2.45 22.8478 0 -0.198863 0.992176 0 0.12485 0 1 0 -0.12485 0 0.992176  0.04597 0 -0.0312876 -0 -0.06241 0
2.46 22.8483 0 -0.19918 0.992253 0 0.124234 0 1 0 -0.124234 0 0.992253  0.0467244 0 -0.0318627 -0 -0.0618013 0
2.47 22.8488 0 -0.199499 0.992329 0 0.123624 0 1 0 -0.123624 0 0.992329  0.0475103 0 -0.032127 -0 -0.0611643 0
2.48 22.8492 0 -0.199823 0.992404 0 0.12302 0 1 0 -0.12302 0 0.992404  0.0481683 0 -0.0325911 -0 -0.0605359 0
2.49 22.8497 0 -0.20015 0.992478 0 0.122423 0 1 0 -0.122423 0 0.992478  0.0488525 0 -0.0329406 -0 -0.0599191 0
2.5 22.8502 0 -0.200481 0.992551 0 0.121831 0 1 0 -0.121831 0 0.992551  0.0495722 0 -0.033257 -0 -0.0592575 0
2.51 22.8507 0 -0.200817 0.992622 0 0.121247 0 1 0 -0.121247 0 0.992622  0.0501707 0 -0.0338247 -0 -0.0585755 0
2.52 22.8512 0 -0.201154 0.992693 0 0.120669 0 1 0 -0.120669 0 0.992693  0.0509252 0 -0.0338688 -0 -0.0578798 0
2.53 22.8517 0 -0.201497 0.992762 0 0.120098 0 1 0 -0.120098 0 0.992762  0.0514446 0 -0.0344434 -0 -0.0571492 0
2.54 22.8522 0 -0.201842 0.99283 0 0.119534 0 1 0 -0.119534 0 0.99283  0.0520813 0 -0.0346665 -0 -0.0564835 0
2.55 22.8528 0 -0.202188 0.992897 0 0.118977 0 1 0 -0.118977 0 0.992897  0.0526867 0 -0.0346871 -0 -0.0557069 0
2.56 22.8533 0 -0.202541 0.992963 0 0.118428 0 1 0 -0.118428 0 0.992963  0.0530888 0 -0.0355176 -0 -0.0549456 0
2.57 22.8538 0 -0.202893 0.993027 0 0.117885 0 1 0 -0.117885 0 0.993027  0.0538008 0 -0.0353543 -0 -0.0543101 0
2.58 22.8544 0 -0.203252 0.993091 0 0.11735 0 1 0 -0.11735 0 0.993091  0.0541933 0 -0.0359715 -0 -0.0535179 0
2.59 22.8549 0 -0.203613 0.993153 0 0.116822 0 1 0 -0.116822 0 0.993153  0.0546589 0 -0.0363202 -0 -0.052778 0
2.6 22.8555 0 -0.203981 0.993214 0 0.116299 0 1 0 -0.116299 0 0.993214  0.0546824 0 -0.0370409 0 -0.0522929 0
2.61 22.856 0 -0.204345 0.993274 0 0.115785 0 1 0 -0.115785 0 0.993274  0.0555415 0 -0.0365426 0 -0.0514758 0
2.62 22.8566 0 -0.20472 0.993333 0 0.115279 0 1 0 -0.115279 0 0.993333  0.0557276 0 -0.0376555 0 -0.0505375 0
2.63 22.8571 0 -0.205094 0.993391 0 0.114779 0 1 0 -0.114779 0 0.993391  0.0562188 0 -0.0376172 -0 -0.0499094 0
2.64 22.8577 0 -0.20547 0.993448 0 0.114288 0 1 0 -0.114288 0 0.993448  0.0566102 0 -0.0376207 -0 -0.0490909 0
2.65 22.8583 0 -0.205854 0.993503 0 0.113804 0 1 0 -0.113804 0 0.993503  0.0567188 0 -0.0386676 -0 -0.0482617 0
2.66 22.8588 0 -0.206235 0.993558 0 0.113327 0 1 0 -0.113327 0 0.993558  0.0573001 0 -0.0382554 -0 -0.0476816 0
2.67 22.8594 0 -0.206624 0.993611 0 0.112858 0 1 0 -0.112858 0 0.993611  0.0574314 0 -0.0389537 -0 -0.0468061 0
2.68 22.86 0 -0.207014 0.993663 0 0.112397 0 1 0 -0.112397 0 0.993663  0.0577069 0 -0.039186 -0 -0.0460489 0
2.69 22.8606 0 -0.207404 0.993715 0 0.111943 0 1 0 -0.111943 0 0.993715  0.058063 0 -0.039119 -0 -0.0453291 0
2.7 22.8611 0 -0.207803 0.993765 0 0.111497 0 1 0 -0.111497 0 0.993765  0.0581118 0 -0.0400217 -0 -0.0444512 0
2.71 22.8617 0 -0.208197 0.993814 0 0.111058 0 1 0 -0.111058 0 0.993814  0.0584997 0 -0.0395087 -0 -0.0437577 0
2.72 22.8623 0 -0.208599 0.993862 0 0.110628 0 1 0 -0.110628 0 0.993862  0.0584695 0 -0.0403876 -0 -0.0429187 0
2.73 22.8629 0 -0.209002 0.993909 0 0.110205 0 1 0 -0.110205 0 0.993909  0.0587394 0 -0.0404679 -0 -0.0421998 0
2.74 22.8635 0 -0.209407 0.993955 0 0.109789 0 1 0 -0.109789 0 0.993955  0.058895 0 -0.0405984 -0 -0.0414613 0
2.75 22.8641 0 -0.209817 0.994 0 0.109381 0 1 0 -0.109381 0 0.994  0.0588662 0 -0.041082 -0 -0.0406471 0
2.76 22.8647 0 -0.210227 0.994044 0 0.10898 0 1 0 -0.10898 0 0.994044  0.0590358 0 -0.0411537 -0 -0.039919 0
2.77 22.8653 0 -0.210643 0.994087 0 0.108587 0 1 0 -0.108587 0 0.994087  0.0590205 0 -0.0417865 -0 -0.0391652 0
2.78 22.8658 0 -0.211058 0.994129 0 0.108202 0 1 0 -0.108202 0 0.994129  0.0591776 0 -0.0416241 -0 -0.0384395 0
2.79 22.8664 0 -0.211478 0.99417 0 0.107824 0 1 0 -0.107824 0 0.99417  0.0590635 0 -0.0421594 -0 -0.0375951 0
2.8 22.867 0 -0.211901 0.99421 0 0.107453 0 1 0 -0.107453 0 0.99421  0.0590605 0 -0.0424762 -0 -0.0368999 0
2.81 22.8676 0 -0.212325 0.994249 0 0.10709 0 1 0 -0.10709 0 0.994249  0.0590964 0 -0.0425118 -0 -0.0362103 0
2.82 22.8682 0 -0.212756 0.994288 0 0.106734 0 1 0 -0.106734 0 0.994288  0.0588948 0 -0.0431969 -0 -0.0354134 0
2.83 22.8688 0 -0.213182 0.994325 0 0.106385 0 1 0 -0.106385 0 0.994325  0.0589879 0 -0.0427041 -0 -0.0347321 0
2.84 22.8694 0 -0.213612 0.994361 0 0.106045 0 1 0 -0.106045 0 0.994361  0.0587128 0 -0.0429088 -0 -0.0338192 0
2.85 22.87 0 -0.214043 0.994397 0 0.105711 0 1 0 -0.105711 0 0.994397  0.0586259 0 -0.0430307 -0 -0.0331449 0
2.86 22.8706 0 -0.214482 0.994431 0 0.105386 0 1 0 -0.105386 0 0.994431  0.0582701 0 -0.0440706 -0 -0.0323978 0
2.87 22.8711 0 -0.214913 0.994465 0 0.105066 0 1 0 -0.105066 0 0.994465  0.0584078 0 -0.0432407 -0 -0.0317986 0
2.88 22.8717 0 -0.215367 0.994498 0 0.104755 0 1 0 -0.104755 0 0.994498  0.0576921 0 -0.045696 -0 -0.0309214 0
2.89 22.8723 0 -0.215803 0.99453 0 0.104448 0 1 0 -0.104448 0 0.99453  0.0581654 0 -0.043798 -0 -0.0305807 0
2.9 22.8729 0 -0.216257 0.994562 0 0.10415 0 1 0 -0.10415 0 0.994562  0.0573315 0 -0.0454641 -0 -0.0295533 0
2.91 22.8734 0 -0.216706 0.994592 0 0.103858 0 1 0 -0.103858 0 0.994592  0.0572511 0 -0.0450923 -0 -0.028968 0
2.92 22.874 0 -0.217158 0.994622 0 0.103573 0 1 0 -0.103573 0 0.994622  0.0569902 0 -0.0452323 -0 -0.0283578 0
2.93 22.8746 0 -0.217615 0.994651 0 0.103295 0 1 0 -0.103295 0 0.994651  0.0564835 0 -0.0458519 -0 -0.0275735 0
2.94 22.8752 0 -0.218064 0.994679 0 0.103024 0 1 0 -0.103024 0 0.994679  0.0563862 0 -0.0449109 -0 -0.0269629 0
2.95 22.8757 0 -0.218526 0.994706 0 0.10276 0 1 0 -0.10276 0 0.994706  0.0556353 0 -0.0461727 -0 -0.0261323 0
2.96 22.8763 0 -0.218979 0.994733 0 0.102502 0 1 0 -0.102502 0 0.994733  0.0555454 0 -0.0454803 -0 -0.0256279 0
2.97 22.8768 0 -0.219438 0.994759 0 0.102251 0 1 0 -0.102251 0 0.994759  0.0549755 0 -0.0458947 -0 -0.024925 0
2.98 22.8774 0 -0.219899 0.994784 0 0.102007 0 1 0 -0.102007 0 0.994784  0.0544138 0 -0.0461444 -0 -0.0242093 0
2.99 22.8779 0 -0.220356 0.994808 0 0.101768 0 1 0 -0.101768 0 0.994808  0.0541571 0 -0.0457449 -0 -0.0236356 0
3 22.8784 0 -0.220819 0.994832 0 0.101537 0 1 0 -0.101537 0 0.994832  0.0534989 0 -0.0462993 -0 -0.0229249 0
3.01 22.879 0 -0.221282 0.994855 0 0.101312 0 1 0 -0.101312 0 0.994855  0.0530589 0 -0.0464383 -0 -0.0223561 0
3.02 22.8795 0 -0.221744 0.994877 0 0.101092 0 1 0 -0.101092 0 0.994877  0.0526384 0 -0.0461629 -0 -0.0217748 0
3.03 22.88 0 -0.222209 0.994899 0 0.10088 0 1 0 -0.10088 0 0.994899  0.0519502 0 -0.0465726 -0 -0.0209992 0
3.04 22.8805 0 -0.222676 0.99492 0 0.100673 0 1 0 -0.100673 0 0.99492  0.0514852 0 -0.0467397 -0 -0.0204523 0
3.05 22.8811 0 -0.223142 0.99494 0 0.100472 0 1 0 -0.100472 0 0.99494  0.0510047 0 -0.0466669 -0 -0.0199277 0
3.06 22.8816 0 -0.223616 0.99496 0 0.100277 0 1 0 -0.100277 0 0.99496  0.0502628 0 -0.047652 -0 -0.0192643 0
3.07 22.8821 0 -0.22408 0.994979 0 0.100087 0 1 0 -0.100087 0 0.994979  0.0500865 0 -0.0463175 -0 -0.0188248 0
3.08 22.8826 0 -0.224547 0.994997 0 0.0999049 0 1 0 -0.0999049 0 0.994997  0.0491545 0 -0.0464953 -0 -0.0180202 0
3.09 22.8831 0 -0.225014 0.995015 0 0.0997281 0 1 0 -0.0997281 0 0.995015  0.0484745 0 -0.0467156 -0 -0.0174376 0
3.1 22.8835 0 -0.225477 0.995032 0 0.0995565 0 1 0 -0.0995565 0 0.995032  0.0480721 0 -0.0462075 -0 -0.016968 0
3.11 22.884 0 -0.225944 0.995048 0 0.0993912 0 1 0 -0.0993912 0 0.995048  0.0472568 0 -0.0466056 -0 -0.0163308 0
3.12 22.8845 0 -0.226403 0.995064 0 0.0992309 0 1 0 -0.0992309 0 0.995064  0.0467477 0 -0.045806 0 -0.0158363 0
3.13 22.8849 0 -0.226881 0.99508 0 0.0990776 0 1 0 -0.0990776 0 0.99508  0.045659 0 -0.0480533 -0 -0.0151131 0
3.14 22.8854 0 -0.227337 0.995095 0 0.0989255 0 1 0 -0.0989255 0 0.995095  0.0458008 0 -0.0456899 0 -0.015056 0
3.15 22.8858 0 -0.227814 0.995109 0 0.0987822 0 1 0 -0.0987822 0 0.995109  0.044388 0 -0.0475986 0 -0.0141662 0
3.16 22.8863 0 -0.228279 0.995123 0 0.0986419 0 1 0 -0.0986419 0 0.995123  0.044065 0 -0.0466969 -0 -0.0138036 0
3.17 22.8867 0 -0.228747 0.995136 0 0.0985068 0 1 0 -0.0985068 0 0.995136  0.0434198 0 -0.0466351 -0 -0.0133447 0
3.18 22.8872 0 -0.22922 0.995149 0 0.0983775 0 1 0 -0.0983775 0 0.995149  0.0424383 0 -0.0473997 -0 -0.0127407 0
3.19 22.8876 0 -0.229685 0.995162 0 0.0982516 0 1 0 -0.0982516 0 0.995162  0.0420778 0 -0.0464504 -0 -0.0124115 0
3.2 22.888 0 -0.230156 0.995173 0 0.0981317 0 1 0 -0.0981317 0 0.995173  0.0411001 0 -0.0471487 -0 -0.0118184 0
3.21 22.8884 0 -0.230626 0.995185 0 0.0980148 0 1 0 -0.0980148 0 0.995185  0.0403161 0 -0.0470729 -0 -0.0115204 0
3.22 22.8888 0 -0.231094 0.995196 0 0.0979026 0 1 0 -0.0979026 0 0.995196  0.0397694 0 -0.0466855 -0 -0.0110747 0
3.23 22.8892 0 -0.23157 0.995206 0 0.0977959 0 1 0 -0.0977959 0 0.995206  0.038818 0 -0.0476699 -0 -0.0104877 0
3.24 22.8896 0 -0.232036 0.995217 0 0.0976916 0 1 0 -0.0976916 0 0.995217  0.0384023 0 -0.046712 -0 -0.0102647 0
3.25 22.89 0 -0.232509 0.995226 0 0.097593 0 1 0 -0.097593 0 0.995226  0.0374295 0 -0.0472368 -0 -0.00971001 0
3.26 22.8903 0 -0.232979 0.995236 0 0.0974983 0 1 0 -0.0974983 0 0.995236  0.0367671 0 -0.0470374 -0 -0.00928136 0
3.27 22.8907 0 -0.233448 0.995245 0 0.0974074 0 1 0 -0.0974074 0 0.995245  0.0361246 0 -0.0467377 -0 -0.00891922 0
3.28 22.8911 0 -0.233918 0.995253 0 0.0973217 0 1 0 -0.0973217 0 0.995253  0.0352854 0 -0.0469956 0 -0.00840174 0
3.29 22.8914 0 -0.234384 0.995261 0 0.097239 0 1 0 -0.097239 0 0.995261  0.0346308 0 -0.0465951 0 -0.00810029 0
3.3 22.8917 0 -0.234852 0.995269 0 0.0971609 0 1 0 -0.0971609 0 0.995269  0.0338167 0 -0.0467182 0 -0.00765128 0
3.31 22.8921 0 -0.235318 0.995276 0 0.0970865 0 1 0 -0.0970865 0 0.995276  0.0330909 0 -0.0465896 -0 -0.0072791 0
3.32 22.8924 0 -0.235781 0.995283 0 0.0970162 0 1 0 -0.0970162 0 0.995283  0.0324024 0 -0.0462382 -0 -0.00686021 0
3.33 22.8927 0 -0.236247 0.995289 0 0.0969497 0 1 0 -0.0969497 0 0.995289  0.03148 0 -0.0465521 -0 -0.00648061 0
3.34 22.893 0 -0.236707 0.995295 0 0.0968864 0 1 0 -0.0968864 0 0.995295  0.0309214 0 -0.0459015 -0 -0.00618694 0
3.35 22.8933 0 -0.237167 0.995301 0 0.0968276 0 1 0 -0.0968276 0 0.995301  0.0300514 0 -0.0458694 -0 -0.00572214 0
3.36 22.8936 0 -0.237625 0.995307 0 0.0967717 0 1 0 -0.0967717 0 0.995307  0.0292655 0 -0.045701 0 -0.00541758 0
3.37 22.8939 0 -0.23808 0.995312 0 0.0967195 0 1 0 -0.0967195 0 0.995312  0.0286007 0 -0.0453774 0 -0.00508358 0
3.38 22.8942 0 -0.238534 0.995316 0 0.0966709 0 1 0 -0.0966709 0 0.995316  0.0277716 0 -0.0453982 0 -0.00470203 0
3.39 22.8945 0 -0.238985 0.995321 0 0.0966255 0 1 0 -0.0966255 0 0.995321  0.027098 0 -0.0449678 0 -0.00439341 0
3.4 22.8948 0 -0.239435 0.995325 0 0.0965835 0 1 0 -0.0965835 0 0.995325  0.0263088 0 -0.044899 0 -0.00404606 0
3.41 22.895 0 -0.239883 0.995329 0 0.0965449 0 1 0 -0.0965449 0 0.995329  0.0255972 0 -0.0446526 0 -0.00371671 0
3.42 22.8953 0 -0.240326 0.995332 0 0.0965095 0 1 0 -0.0965095 0 0.995332  0.0248796 0 -0.0441878 0 -0.00338023 0
3.43 22.8955 0 -0.240769 0.995335 0 0.0964776 0 1 0 -0.0964776 0 0.995335  0.0240442 0 -0.0441993 0 -0.00303233 0
3.44 22.8957 0 -0.241207 0.995338 0 0.0964486 0 1 0 -0.0964486 0 0.995338  0.0234145 0 -0.0436825 0 -0.00276099 0
3.45 22.896 0 -0.241644 0.99534 0 0.0964229 0 1 0 -0.0964229 0 0.99534  0.0226238 0 -0.0435102 0 -0.00242993 0
3.46 22.8962 0 -0.242077 0.995343 0 0.0964003 0 1 0 -0.0964003 0 0.995343  0.0218889 0 -0.0432228 0 -0.00211292 0
3.47 22.8964 0 -0.242508 0.995345 0 0.0963805 0 1 0 -0.0963805 0 0.995345  0.0211688 0 -0.0429266 0 -0.00183294 0
3.48 22.8966 0 -0.242936 0.995346 0 0.0963637 0 1 0 -0.0963637 0 0.995346  0.0204457 0 -0.0426025 0 -0.00153723 0
3.49 22.8968 0 -0.24336 0.995348 0 0.0963499 0 1 0 -0.0963499 0 0.995348  0.0197122 0 -0.0423165 0 -0.00123703 0
3.5 22.897 0 -0.243779 0.995349 0 0.0963384 0 1 0 -0.0963384 0 0.995349  0.0190003 0 -0.0416729 0 -0.00102141 0
3.51 22.8972 0 -0.244199 0.995349 0 0.0963306 0 1 0 -0.0963306 0 0.995349  0.0181601 0 -0.041878 0 -0.000637224 0
3.52 22.8974 0 -0.244611 0.99535 0 0.0963248 0 1 0 -0.0963248 0 0.99535  0.0176538 0 -0.0410018 0 -0.000436408 0
3.53 22.8976 0 -0.245023 0.99535 0 0.0963224 0 1 0 -0.0963224 0 0.99535  0.0167784 0 -0.041045 0 -0.000106974 0
3.54 22.8977 0 -0.245428 0.99535 0 0.0963218 0 1 0 -0.0963218 0 0.99535  0.0161409 0 -0.0403192 0 7.15006e-05 0
3.55 22.8979 0 -0.245832 0.99535 0 0.0963247 0 1 0 -0.0963247 0 0.99535  0.0153794 0 -0.0402163 0 0.000419783 0
3.56 22.898 0 -0.246229 0.995349 0 0.0963301 0 1 0 -0.0963301 0 0.995349  0.0147334 0 -0.0394564 0 0.000695036 0
3.57 22.8982 0 -0.246625 0.995349 0 0.0963384 0 1 0 -0.0963384 0 0.995349  0.0139191 0 -0.0393972 0 0.000964664 0
3.58 22.8983 0 -0.247016 0.995348 0 0.096349 0 1 0 -0.096349 0 0.995348  0.0132913 0 -0.0389698 0 0.00120406 0
