*************************Generated by extractMotion.sh**********************
*      Sun Mar 30 14:25:10 MDT 2025 - Case: 2D_RM6_noPTO_moored
* Note: Data was extracted from log.overInterDyMFoam using extractMotion.sh
*       Can be visualized with plotMotion.py                            
****************************************************************************
Time X(x3) Orientation(x9) dX(x3) dX_angular(x3)
0.01 22.7326 0 -0.28603 1 0 5.94999e-05 0 1 0 -5.94999e-05 0 1  -0.0318488 0 -0.00606384 0 0.0119 0
0.02 22.7323 0 -0.285961 1 0 0.000195584 0 1 0 -0.000195584 0 1  -0.0598985 0 0.00673659 0 0.0225171 0
0.03 22.7319 0 -0.285752 1 0 0.000366897 0 1 0 -0.000366897 0 1  -0.0503094 0 0.0286802 0 0.0203346 0
0.04 22.7313 0 -0.285674 1 0 0.000648103 0 1 0 -0.000648103 0 1  -0.0653293 0 0.0084464 0 0.0310781 0
0.05 22.7305 0 -0.285488 1 0 0.000980571 0 1 0 -0.000980571 0 1  -0.0891614 0 0.0153097 0 0.0376316 0
0.06 22.7296 0 -0.285136 0.999999 0 0.00134142 0 1 0 -0.00134142 0 0.999999  -0.0963616 0 0.0426007 0 0.0377764 0
0.07 22.7285 0 -0.284915 0.999998 0 0.00181911 0 1 0 -0.00181911 0 0.999998  -0.11349 0 0.0251235 0 0.0509264 0
0.08 22.7273 0 -0.284616 0.999997 0 0.0023447 0 1 0 -0.0023447 0 0.999997  -0.130192 0 0.026255 0 0.0575333 0
0.09 22.726 0 -0.284144 0.999996 0 0.0028842 0 1 0 -0.0028842 0 0.999996  -0.139132 0 0.0531362 0 0.0554867 0
0.1 22.7245 0 -0.283791 0.999994 0 0.00354277 0 1 0 -0.00354277 0 0.999994  -0.156537 0 0.0389871 0 0.0683417 0
0.11 22.7228 0 -0.283377 0.999991 0 0.00425113 0 1 0 -0.00425113 0 0.999991  -0.17108 0 0.0388268 0 0.0755295 0
0.12 22.7211 0 -0.282801 0.999988 0 0.00496856 0 1 0 -0.00496856 0 0.999988  -0.179549 0 0.062337 0 0.0734558 0
0.13 22.7192 0 -0.282334 0.999983 0 0.00579797 0 1 0 -0.00579797 0 0.999983  -0.196098 0 0.0500574 0 0.0851717 0
0.14 22.7172 0 -0.281795 0.999978 0 0.00666892 0 1 0 -0.00666892 0 0.999978  -0.208942 0 0.0524017 0 0.09115 0
0.15 22.7151 0 -0.281129 0.999971 0 0.00755825 0 1 0 -0.00755825 0 0.999971  -0.217238 0 0.0709111 0 0.0906761 0
0.16 22.7128 0 -0.280544 0.999963 0 0.00854573 0 1 0 -0.00854573 0 0.999963  -0.23187 0 0.0614411 0 0.101013 0
0.17 22.7104 0 -0.279882 0.999954 0 0.00956893 0 1 0 -0.00956893 0 0.999954  -0.242845 0 0.0659195 0 0.105761 0
0.18 22.708 0 -0.279128 0.999944 0 0.0106189 0 1 0 -0.0106189 0 0.999944  -0.251109 0 0.0793817 0 0.106616 0
0.19 22.7054 0 -0.278416 0.999931 0 0.0117465 0 1 0 -0.0117465 0 0.999931  -0.262964 0 0.0731287 0 0.115043 0
0.2 22.7027 0 -0.277651 0.999917 0 0.0129085 0 1 0 -0.0129085 0 0.999917  -0.273026 0 0.0758371 0 0.119375 0
0.21 22.7 0 -0.276792 0.999901 0 0.0140955 0 1 0 -0.0140955 0 0.999901  -0.279652 0 0.0892345 0 0.120238 0
0.22 22.6971 0 -0.27599 0.999882 0 0.0153579 0 1 0 -0.0153579 0 0.999882  -0.290926 0 0.0827887 0 0.128114 0
0.23 22.6942 0 -0.275117 0.999862 0 0.0166406 0 1 0 -0.0166406 0 0.999862  -0.299098 0 0.0877284 0 0.130707 0
0.24 22.6911 0 -0.274209 0.999839 0 0.0179585 0 1 0 -0.0179585 0 0.999839  -0.305999 0 0.09296 0 0.13328 0
0.25 22.688 0 -0.27331 0.999813 0 0.019324 0 1 0 -0.019324 0 0.999813  -0.314963 0 0.0913719 0 0.138247 0
0.26 22.6849 0 -0.27234 0.999785 0 0.020712 0 1 0 -0.020712 0 0.999785  -0.320276 0 0.09817 0 0.140718 0
0.27 22.6816 0 -0.271374 0.999755 0 0.0221417 0 1 0 -0.0221417 0 0.999755  -0.327237 0 0.0979885 0 0.144693 0
0.28 22.6783 0 -0.270371 0.999722 0 0.023594 0 1 0 -0.023594 0 0.999722  -0.333304 0 0.101438 0 0.146766 0
0.29 22.675 0 -0.269337 0.999686 0 0.0250769 0 1 0 -0.0250769 0 0.999686  -0.33812 0 0.105187 0 0.14959 0
0.3 22.6716 0 -0.268275 0.999646 0 0.0265911 0 1 0 -0.0265911 0 0.999646  -0.342584 0 0.107594 0 0.152997 0
0.31 22.6681 0 -0.267187 0.999604 0 0.0281242 0 1 0 -0.0281242 0 0.999604  -0.347466 0 0.108753 0 0.155163 0
0.32 22.6646 0 -0.266116 0.999559 0 0.0296839 0 1 0 -0.0296839 0 0.999559  -0.353171 0 0.10594 0 0.157632 0
0.33 22.6611 0 -0.264985 0.999512 0 0.0312433 0 1 0 -0.0312433 0 0.999512  -0.355477 0 0.113968 0 0.156627 0
0.34 22.6575 0 -0.263914 0.999461 0 0.0328322 0 1 0 -0.0328322 0 0.999461  -0.361857 0 0.107514 0 0.159513 0
0.35 22.6539 0 -0.26275 0.999407 0 0.0344329 0 1 0 -0.0344329 0 0.999407  -0.359633 0 0.117087 0 0.161102 0
0.36 22.6503 0 -0.261632 0.99935 0 0.0360483 0 1 0 -0.0360483 0 0.99935  -0.365214 0 0.11291 0 0.162464 0
0.37 22.6467 0 -0.260413 0.99929 0 0.0376894 0 1 0 -0.0376894 0 0.99929  -0.358842 0 0.123624 0 0.165001 0
0.38 22.643 0 -0.259261 0.999226 0 0.0393409 0 1 0 -0.0393409 0 0.999226  -0.365107 0 0.1162 0 0.166139 0
0.39 22.6394 0 -0.258088 0.99916 0 0.0409853 0 1 0 -0.0409853 0 0.99916  -0.368969 0 0.114267 0 0.165473 0
0.4 22.6357 0 -0.256841 0.99909 0 0.042645 0 1 0 -0.042645 0 0.99909  -0.361785 0 0.125341 0 0.16644 0
0.41 22.6321 0 -0.255658 0.999018 0 0.0443153 0 1 0 -0.0443153 0 0.999018  -0.365274 0 0.119448 0 0.167623 0
0.42 22.6285 0 -0.254409 0.998942 0 0.0459799 0 1 0 -0.0459799 0 0.998942  -0.363002 0 0.123569 0 0.167427 0
0.43 22.6248 0 -0.253193 0.998864 0 0.0476559 0 1 0 -0.0476559 0 0.998864  -0.362589 0 0.120471 0 0.16855 0
0.44 22.6212 0 -0.251907 0.998782 0 0.0493313 0 1 0 -0.0493313 0 0.998782  -0.356454 0 0.129553 0 0.16801 0
0.45 22.6177 0 -0.250653 0.998698 0 0.0510197 0 1 0 -0.0510197 0 0.998698  -0.35535 0 0.126806 0 0.169213 0
0.46 22.6141 0 -0.249416 0.99861 0 0.0527052 0 1 0 -0.0527052 0 0.99861  -0.355327 0 0.12196 0 0.169344 0
0.47 22.6106 0 -0.248075 0.998521 0 0.0543679 0 1 0 -0.0543679 0 0.998521  -0.347784 0 0.133127 0 0.16676 0
0.48 22.6072 0 -0.246823 0.998427 0 0.0560723 0 1 0 -0.0560723 0 0.998427  -0.346357 0 0.123686 0 0.171735 0
0.49 22.6037 0 -0.245557 0.998329 0 0.0577858 0 1 0 -0.0577858 0 0.998329  -0.337478 0 0.132933 0 0.170424 0
0.5 22.6003 0 -0.244202 0.998234 0 0.0594051 0 1 0 -0.0594051 0 0.998234  -0.334878 0 0.146302 0 0.157911 0
0.51 22.5969 0 -0.243212 0.998128 0 0.0611549 0 1 0 -0.0611549 0 0.998128  -0.348122 0 0.090476 0 0.176834 0
0.52 22.5936 0 -0.241794 0.998029 0 0.0627523 0 1 0 -0.0627523 0 0.998029  -0.326821 0 0.137948 0 0.161106 0
0.53 22.5903 0 -0.240541 0.997925 0 0.06439 0 1 0 -0.06439 0 0.997925  -0.324411 0 0.132891 0 0.161136 0
0.54 22.5871 0 -0.239336 0.997814 0 0.066086 0 1 0 -0.066086 0 0.997814  -0.319939 0 0.116363 0 0.172128 0
0.55 22.5839 0 -0.23809 0.997706 0 0.0676989 0 1 0 -0.0676989 0 0.997706  -0.317699 0 0.120285 0 0.162915 0
0.56 22.5808 0 -0.236803 0.997597 0 0.0692858 0 1 0 -0.0692858 0 0.997597  -0.309363 0 0.131214 0 0.156049 0
0.57 22.5777 0 -0.235656 0.997482 0 0.0709191 0 1 0 -0.0709191 0 0.997482  -0.307008 0 0.113602 0 0.163266 0
0.58 22.5747 0 -0.234403 0.997368 0 0.0725044 0 1 0 -0.0725044 0 0.997368  -0.297441 0 0.122919 0 0.159739 0
0.59 22.5718 0 -0.23312 0.997252 0 0.0740794 0 1 0 -0.0740794 0 0.997252  -0.287488 0 0.13154 0 0.156704 0
0.6 22.5688 0 -0.231998 0.997132 0 0.0756778 0 1 0 -0.0756778 0 0.997132  -0.288485 0 0.110561 0 0.160212 0
0.61 22.566 0 -0.230767 0.997015 0 0.077208 0 1 0 -0.077208 0 0.997015  -0.279969 0 0.11998 0 0.152969 0
0.62 22.5633 0 -0.229558 0.996895 0 0.0787394 0 1 0 -0.0787394 0 0.996895  -0.27107 0 0.122287 0 0.151893 0
0.63 22.5606 0 -0.228457 0.996773 0 0.0802761 0 1 0 -0.0802761 0 0.996773  -0.269086 0 0.107725 0 0.154125 0
0.64 22.558 0 -0.227216 0.996652 0 0.0817592 0 1 0 -0.0817592 0 0.996652  -0.256178 0 0.123544 0 0.148189 0
0.65 22.5554 0 -0.226092 0.996528 0 0.0832585 0 1 0 -0.0832585 0 0.996528  -0.252469 0 0.113024 0 0.149549 0
0.66 22.5529 0 -0.224952 0.996404 0 0.0847235 0 1 0 -0.0847235 0 0.996404  -0.246043 0 0.110732 0 0.147062 0
0.67 22.5505 0 -0.223787 0.996281 0 0.0861643 0 1 0 -0.0861643 0 0.996281  -0.237021 0 0.114542 0 0.144067 0
0.68 22.5481 0 -0.22273 0.996156 0 0.0875965 0 1 0 -0.0875965 0 0.996156  -0.235084 0 0.102238 0 0.143297 0
0.69 22.5458 0 -0.221635 0.996033 0 0.0889795 0 1 0 -0.0889795 0 0.996033  -0.226468 0 0.107266 0 0.137548 0
0.7 22.5436 0 -0.220572 0.99591 0 0.0903463 0 1 0 -0.0903463 0 0.99591  -0.218871 0 0.106681 0 0.135391 0
0.71 22.5414 0 -0.219659 0.995785 0 0.091717 0 1 0 -0.091717 0 0.995785  -0.218245 0 0.0896466 0 0.136548 0
0.72 22.5393 0 -0.218588 0.995666 0 0.0929991 0 1 0 -0.0929991 0 0.995666  -0.204597 0 0.109408 0 0.126066 0
0.73 22.5373 0 -0.217668 0.995542 0 0.0943177 0 1 0 -0.0943177 0 0.995542  -0.201514 0 0.0926574 0 0.131042 0
0.74 22.5352 0 -0.216784 0.995421 0 0.0955916 0 1 0 -0.0955916 0 0.995421  -0.199384 0 0.0810579 0 0.129086 0
0.75 22.5334 0 -0.215774 0.995304 0 0.0968016 0 1 0 -0.0968016 0 0.995304  -0.185424 0 0.100075 0 0.119904 0
0.76 22.5315 0 -0.214894 0.995182 0 0.0980398 0 1 0 -0.0980398 0 0.995182  -0.180695 0 0.0896522 0 0.122659 0
0.77 22.5297 0 -0.214119 0.995063 0 0.0992459 0 1 0 -0.0992459 0 0.995063  -0.180794 0 0.0719332 0 0.121343 0
0.78 22.528 0 -0.213145 0.994951 0 0.100361 0 1 0 -0.100361 0 0.994951  -0.165417 0 0.096158 0 0.110075 0
0.79 22.5263 0 -0.212398 0.994835 0 0.101505 0 1 0 -0.101505 0 0.994835  -0.168602 0 0.0655851 0 0.115645 0
0.8 22.5247 0 -0.211561 0.994719 0 0.102634 0 1 0 -0.102634 0 0.994719  -0.158095 0 0.0707454 0 0.116248 0
0.81 22.5233 0 -0.21058 0.994611 0 0.103674 0 1 0 -0.103674 0 0.994611  -0.140878 0 0.104359 0 0.101801 0
0.82 22.5218 0 -0.209899 0.994494 0 0.104792 0 1 0 -0.104792 0 0.994494  -0.145072 0 0.0700783 0 0.110481 0
0.83 22.5203 0 -0.209224 0.994383 0 0.105841 0 1 0 -0.105841 0 0.994383  -0.143005 0 0.0590729 0 0.106074 0
0.84 22.5191 0 -0.208286 0.994285 0 0.106759 0 1 0 -0.106759 0 0.994285  -0.124694 0 0.0955477 0 0.0887505 0
0.85 22.5177 0 -0.207772 0.994171 0 0.107817 0 1 0 -0.107817 0 0.994171  -0.132583 0 0.0473175 0 0.106519 0
0.86 22.5165 0 -0.207006 0.994072 0 0.108725 0 1 0 -0.108725 0 0.994072  -0.119455 0 0.0708853 0 0.0920588 0
0.87 22.5153 0 -0.206264 0.993979 0 0.109575 0 1 0 -0.109575 0 0.993979  -0.11388 0 0.0717889 0 0.0826848 0
0.88 22.5141 0 -0.206036 0.993867 0 0.110583 0 1 0 -0.110583 0 0.993867  -0.125546 0 0.0135785 0 0.101861 0
0.89 22.5132 0 -0.204995 0.99379 0 0.111269 0 1 0 -0.111269 0 0.99379  -0.0847921 0 0.122059 0 0.0616885 0
0.9 22.512 0 -0.204794 0.993682 0 0.112236 0 1 0 -0.112236 0 0.993682  -0.109531 0 0.0266699 0 0.0944781 0
0.91 22.511 0 -0.204363 0.993587 0 0.11307 0 1 0 -0.11307 0 0.993587  -0.105149 0 0.0237915 0 0.089329 0
0.92 22.5102 0 -0.203498 0.993514 0 0.113706 0 1 0 -0.113706 0 0.993514  -0.0767455 0 0.095726 0 0.0580142 0
0.93 22.5092 0 -0.203344 0.993412 0 0.114596 0 1 0 -0.114596 0 0.993412  -0.0963857 0 0.0150584 0 0.0883289 0
0.94 22.5083 0 -0.202816 0.993331 0 0.115294 0 1 0 -0.115294 0 0.993331  -0.0831925 0 0.0417032 0 0.0730322 0
0.95 22.5076 0 -0.202209 0.993258 0 0.115925 0 1 0 -0.115925 0 0.993258  -0.0693182 0 0.0695205 0 0.0580106 0
0.96 22.5068 0 -0.202032 0.993167 0 0.116705 0 1 0 -0.116705 0 0.993167  -0.0815296 0 0.013898 0 0.0784868 0
0.97 22.5061 0 -0.201522 0.993096 0 0.117308 0 1 0 -0.117308 0 0.993096  -0.0670636 0 0.0454214 0 0.06141 0
0.98 22.5054 0 -0.201101 0.993025 0 0.117907 0 1 0 -0.117907 0 0.993025  -0.0618242 0 0.04788 0 0.0558548 0
0.99 22.5047 0 -0.200911 0.992947 0 0.118563 0 1 0 -0.118563 0 0.992947  -0.0679985 0 0.0136549 0 0.0661759 0
1 22.5042 0 -0.200464 0.992885 0 0.119077 0 1 0 -0.119077 0 0.992885  -0.0546337 0 0.0423573 0 0.0509408 0
1.01 22.5036 0 -0.200181 0.99282 0 0.119617 0 1 0 -0.119617 0 0.99282  -0.05404 0 0.0313081 0 0.0513054 0
1.02 22.5031 0 -0.19999 0.992756 0 0.120149 0 1 0 -0.120149 0 0.992756  -0.0555726 0 0.0138841 0 0.0535328 0
1.03 22.5026 0 -0.199649 0.992705 0 0.120566 0 1 0 -0.120566 0 0.992705  -0.0457572 0 0.0329057 0 0.0400473 0
1.04 22.5021 0 -0.199469 0.99265 0 0.12102 0 1 0 -0.12102 0 0.99265  -0.0465493 0 0.018026 0 0.0435574 0
1.05 22.5016 0 -0.199308 0.992603 0 0.121409 0 1 0 -0.121409 0 0.992603  -0.0455044 0 0.010764 0 0.039017 0
1.06 22.5012 0 -0.199095 0.992563 0 0.121733 0 1 0 -0.121733 0 0.992563  -0.0393535 0 0.0193595 0 0.0305813 0
1.07 22.5008 0 -0.199077 0.992521 0 0.122074 0 1 0 -0.122074 0 0.992521  -0.0423789 0 -0.000473401 0 0.0323239 0
1.08 22.5005 0 -0.198907 0.992489 0 0.122333 0 1 0 -0.122333 0 0.992489  -0.033696 0 0.0166834 0 0.0238748 0
1.09 22.5001 0 -0.198925 0.992456 0 0.122603 0 1 0 -0.122603 0 0.992456  -0.0368252 0 -0.00166755 0 0.0252109 0
1.1 22.4997 0 -0.198898 0.992429 0 0.122817 0 1 0 -0.122817 0 0.992429  -0.0334059 0 -0.000290732 0 0.020176 0
1.11 22.4994 0 -0.198873 0.992408 0 0.122987 0 1 0 -0.122987 0 0.992408  -0.029651 0 0.00319252 0 0.0146898 0
1.12 22.4991 0 -0.198945 0.992388 0 0.123154 0 1 0 -0.123154 0 0.992388  -0.0308938 0 -0.00863625 0 0.015257 0
1.13 22.4988 0 -0.198963 0.992376 0 0.123249 0 1 0 -0.123249 0 0.992376  -0.0271869 0 -0.00428489 0 0.00835191 0
1.14 22.4985 0 -0.199046 0.992366 0 0.123328 0 1 0 -0.123328 0 0.992366  -0.0265981 0 -0.00997151 0 0.00637503 0
1.15 22.4983 0 -0.199158 0.99236 0 0.123372 0 1 0 -0.123372 0 0.99236  -0.0255812 0 -0.0135633 0 0.00312492 0
1.16 22.4981 0 -0.199263 0.992361 0 0.12337 0 1 0 -0.12337 0 0.992361  -0.0225862 0 -0.010795 0 -0.00242453 0
1.17 22.4978 0 -0.199457 0.992363 0 0.12335 0 1 0 -0.12335 0 0.992363  -0.0236804 0 -0.0205839 0 -0.00400553 0
1.18 22.4976 0 -0.199655 0.992372 0 0.123278 0 1 0 -0.123278 0 0.992372  -0.0221422 0 -0.0218597 0 -0.00902054 0
1.19 22.4974 0 -0.199862 0.992386 0 0.123167 0 1 0 -0.123167 0 0.992386  -0.0200418 0 -0.0210426 0 -0.0136543 0
1.2 22.4972 0 -0.200139 0.992402 0 0.123038 0 1 0 -0.123038 0 0.992402  -0.020837 0 -0.0289897 0 -0.0146599 0
1.21 22.497 0 -0.200417 0.992424 0 0.122857 0 1 0 -0.122857 0 0.992424  -0.01941 0 -0.0294999 0 -0.0199356 0
1.22 22.4968 0 -0.200712 0.992452 0 0.122637 0 1 0 -0.122637 0 0.992452  -0.017948 0 -0.0300744 0 -0.0244563 0
1.23 22.4966 0 -0.201067 0.992481 0 0.122395 0 1 0 -0.122395 0 0.992481  -0.0186419 0 -0.0372573 0 -0.0259429 0
1.24 22.4964 0 -0.20143 0.992517 0 0.122104 0 1 0 -0.122104 0 0.992517  -0.0174753 0 -0.0383206 0 -0.0310027 0
1.25 22.4963 0 -0.201794 0.992558 0 0.121773 0 1 0 -0.121773 0 0.992558  -0.0154936 0 -0.036587 0 -0.0355686 0
1.26 22.4961 0 -0.202232 0.992601 0 0.121423 0 1 0 -0.121423 0 0.992601  -0.016923 0 -0.0452732 0 -0.0369838 0
1.27 22.4959 0 -0.202658 0.99265 0 0.12102 0 1 0 -0.12102 0 0.99265  -0.0153088 0 -0.0444904 0 -0.0421024 0
1.28 22.4958 0 -0.203109 0.992703 0 0.120583 0 1 0 -0.120583 0 0.992703  -0.014283 0 -0.0455313 0 -0.0462542 0
1.29 22.4956 0 -0.203608 0.992759 0 0.120119 0 1 0 -0.120119 0 0.992759  -0.0149338 0 -0.0514275 0 -0.0484001 0
1.3 22.4955 0 -0.204103 0.992821 0 0.119609 0 1 0 -0.119609 0 0.992821  -0.0134862 0 -0.0506403 0 -0.0532051 0
1.31 22.4954 0 -0.204635 0.992887 0 0.119064 0 1 0 -0.119064 0 0.992887  -0.0132425 0 -0.0537641 0 -0.0570197 0
1.32 22.4952 0 -0.205198 0.992956 0 0.118486 0 1 0 -0.118486 0 0.992956  -0.0132745 0 -0.0578411 0 -0.0599683 0
1.33 22.4951 0 -0.205761 0.99303 0 0.117864 0 1 0 -0.117864 0 0.99303  -0.0119348 0 -0.0574177 0 -0.0644141 0
1.34 22.495 0 -0.206363 0.993107 0 0.117212 0 1 0 -0.117212 0 0.993107  -0.0118938 0 -0.0611915 0 -0.0674826 0
1.35 22.4949 0 -0.206999 0.993188 0 0.116523 0 1 0 -0.116523 0 0.993188  -0.0118509 0 -0.0655177 0 -0.0709322 0
1.36 22.4947 0 -0.207652 0.993273 0 0.115792 0 1 0 -0.115792 0 0.993273  -0.0107664 0 -0.0668495 0 -0.075522 0
1.37 22.4946 0 -0.208362 0.993362 0 0.115027 0 1 0 -0.115027 0 0.993362  -0.011085 0 -0.0728545 0 -0.0789511 0
1.38 22.4945 0 -0.209075 0.993455 0 0.114223 0 1 0 -0.114223 0 0.993455  -0.00978925 0 -0.073101 0 -0.0827125 0
1.39 22.4944 0 -0.209823 0.993551 0 0.113384 0 1 0 -0.113384 0 0.993551  -0.00921049 0 -0.0756905 0 -0.0862638 0
1.4 22.4943 0 -0.210597 0.99365 0 0.112513 0 1 0 -0.112513 0 0.99365  -0.00885873 0 -0.0790124 0 -0.0892635 0
1.41 22.4943 0 -0.211396 0.993752 0 0.111607 0 1 0 -0.111607 0 0.993752  -0.00805154 0 -0.0813699 0 -0.0928474 0
1.42 22.4942 0 -0.212206 0.993858 0 0.110662 0 1 0 -0.110662 0 0.993858  -0.00707954 0 -0.0816012 0 -0.0969541 0
1.43 22.4941 0 -0.213054 0.993966 0 0.109691 0 1 0 -0.109691 0 0.993966  -0.0070203 0 -0.085917 0 -0.0994085 0
1.44 22.494 0 -0.213953 0.994076 0 0.108691 0 1 0 -0.108691 0 0.994076  -0.00695071 0 -0.0923052 0 -0.101892 0
1.45 22.494 0 -0.214838 0.99419 0 0.107643 0 1 0 -0.107643 0 0.99419  -0.00450334 0 -0.0895962 0 -0.107287 0
1.46 22.4939 0 -0.215805 0.994304 0 0.10658 0 1 0 -0.10658 0 0.994304  -0.00533412 0 -0.0982016 0 -0.1086 0
1.47 22.4939 0 -0.216777 0.994422 0 0.105479 0 1 0 -0.105479 0 0.994422  -0.00405208 0 -0.0998053 0 -0.111901 0
1.48 22.4939 0 -0.217754 0.994541 0 0.104343 0 1 0 -0.104343 0 0.994541  -0.00194035 0 -0.0980682 0 -0.116025 0
1.49 22.4938 0 -0.21879 0.994662 0 0.103191 0 1 0 -0.103191 0 0.994662  -0.00232115 0 -0.104636 0 -0.117284 0
1.5 22.4938 0 -0.219836 0.994784 0 0.102005 0 1 0 -0.102005 0 0.994784  -0.00137207 0 -0.106617 0 -0.120249 0
1.51 22.4938 0 -0.220883 0.994908 0 0.100789 0 1 0 -0.100789 0 0.994908  0.000834351 0 -0.105 0 -0.123897 0
1.52 22.4938 0 -0.221975 0.995032 0 0.0995577 0 1 0 -0.0995577 0 0.995032  0.000865193 0 -0.109764 0 -0.125055 0
1.53 22.4938 0 -0.223099 0.995157 0 0.098299 0 1 0 -0.098299 0 0.995157  0.00146967 0 -0.114543 0 -0.12738 0
1.54 22.4939 0 -0.224211 0.995284 0 0.0970064 0 1 0 -0.0970064 0 0.995284  0.00409833 0 -0.112254 0 -0.131271 0
1.55 22.4939 0 -0.225361 0.99541 0 0.0957023 0 1 0 -0.0957023 0 0.99541  0.00478717 0 -0.115491 0 -0.13226 0
1.56 22.494 0 -0.226557 0.995537 0 0.0943762 0 1 0 -0.0943762 0 0.995537  0.00450492 0 -0.121802 0 -0.133898 0
1.57 22.494 0 -0.227737 0.995665 0 0.0930118 0 1 0 -0.0930118 0 0.995665  0.00678825 0 -0.119337 0 -0.138323 0
1.58 22.4941 0 -0.228944 0.995793 0 0.091636 0 1 0 -0.091636 0 0.995793  0.00780523 0 -0.120991 0 -0.139498 0
1.59 22.4942 0 -0.230211 0.995919 0 0.090248 0 1 0 -0.090248 0 0.995919  0.00727268 0 -0.129048 0 -0.139801 0
1.6 22.4943 0 -0.231432 0.996048 0 0.08882 0 1 0 -0.08882 0 0.996048  0.0103468 0 -0.122988 0 -0.144405 0
1.61 22.4944 0 -0.232725 0.996174 0 0.087393 0 1 0 -0.087393 0 0.996174  0.0101994 0 -0.129477 0 -0.14447 0
1.62 22.4945 0 -0.234025 0.9963 0 0.0859431 0 1 0 -0.0859431 0 0.9963  0.0108391 0 -0.131646 0 -0.146194 0
1.63 22.4946 0 -0.235328 0.996426 0 0.0844704 0 1 0 -0.0844704 0 0.996426  0.0121448 0 -0.130296 0 -0.148987 0
1.64 22.4947 0 -0.236671 0.996551 0 0.082988 0 1 0 -0.082988 0 0.996551  0.0126106 0 -0.134983 0 -0.149732 0
1.65 22.4948 0 -0.238045 0.996674 0 0.0814905 0 1 0 -0.0814905 0 0.996674  0.0126901 0 -0.139539 0 -0.150681 0
1.66 22.495 0 -0.239412 0.996798 0 0.0799671 0 1 0 -0.0799671 0 0.996798  0.0146364 0 -0.137601 0 -0.153748 0
1.67 22.4951 0 -0.2408 0.996919 0 0.0784361 0 1 0 -0.0784361 0 0.996919  0.0151072 0 -0.139072 0 -0.154504 0
1.68 22.4953 0 -0.242233 0.997039 0 0.0769003 0 1 0 -0.0769003 0 0.997039  0.013899 0 -0.145149 0 -0.154244 0
1.69 22.4954 0 -0.243641 0.997158 0 0.075336 0 1 0 -0.075336 0 0.997158  0.0159286 0 -0.141469 0 -0.157596 0
1.7 22.4956 0 -0.245077 0.997275 0 0.0737689 0 1 0 -0.0737689 0 0.997275  0.0161069 0 -0.143397 0 -0.158062 0
1.71 22.4957 0 -0.24654 0.997391 0 0.0721942 0 1 0 -0.0721942 0 0.997391  0.0151289 0 -0.148854 0 -0.157721 0
1.72 22.4959 0 -0.248016 0.997504 0 0.0706033 0 1 0 -0.0706033 0 0.997504  0.0156412 0 -0.150288 0 -0.159458 0
1.73 22.4961 0 -0.249464 0.997617 0 0.0689934 0 1 0 -0.0689934 0 0.997617  0.0173627 0 -0.14402 0 -0.162414 0
1.74 22.4962 0 -0.250986 0.997726 0 0.067396 0 1 0 -0.067396 0 0.997726  0.0149799 0 -0.15222 0 -0.160605 0
1.75 22.4964 0 -0.252496 0.997834 0 0.0657848 0 1 0 -0.0657848 0 0.997834  0.0149785 0 -0.152022 0 -0.161616 0
1.76 22.4965 0 -0.253977 0.99794 0 0.0641531 0 1 0 -0.0641531 0 0.99794  0.016676 0 -0.146537 0 -0.164546 0
1.77 22.4967 0 -0.255547 0.998042 0 0.0625427 0 1 0 -0.0625427 0 0.998042  0.0134484 0 -0.158457 0 -0.161319 0
1.78 22.4968 0 -0.257108 0.998143 0 0.0609076 0 1 0 -0.0609076 0 0.998143  0.0133084 0 -0.159277 0 -0.16344 0
1.79 22.4969 0 -0.258642 0.998243 0 0.0592511 0 1 0 -0.0592511 0 0.998243  0.0147363 0 -0.152695 0 -0.167063 0
1.8 22.4971 0 -0.260244 0.998339 0 0.0576212 0 1 0 -0.0576212 0 0.998339  0.0117416 0 -0.160402 0 -0.163528 0
1.81 22.4972 0 -0.261838 0.998432 0 0.0559799 0 1 0 -0.0559799 0 0.998432  0.0108419 0 -0.160881 0 -0.163911 0
1.82 22.4973 0 -0.263395 0.998523 0 0.0543217 0 1 0 -0.0543217 0 0.998523  0.01182 0 -0.153811 0 -0.166891 0
1.83 22.4974 0 -0.265018 0.998611 0 0.0526869 0 1 0 -0.0526869 0 0.998611  0.00834548 0 -0.162105 0 -0.163914 0
1.84 22.4975 0 -0.266637 0.998696 0 0.0510491 0 1 0 -0.0510491 0 0.998696  0.00658853 0 -0.163542 0 -0.163461 0
1.85 22.4975 0 -0.268196 0.99878 0 0.0493883 0 1 0 -0.0493883 0 0.99878  0.00796083 0 -0.153914 0 -0.167071 0
1.86 22.4976 0 -0.269864 0.998859 0 0.0477622 0 1 0 -0.0477622 0 0.998859  0.0033857 0 -0.167243 0 -0.162689 0
1.87 22.4976 0 -0.271479 0.998936 0 0.0461216 0 1 0 -0.0461216 0 0.998936  0.00278607 0 -0.163767 0 -0.163355 0
1.88 22.4977 0 -0.273022 0.999011 0 0.0444667 0 1 0 -0.0444667 0 0.999011  0.00329562 0 -0.153161 0 -0.165747 0
1.89 22.4976 0 -0.274717 0.999081 0 0.0428724 0 1 0 -0.0428724 0 0.999081  -0.00356866 0 -0.171655 0 -0.158385 0
1.9 22.4976 0 -0.276255 0.99915 0 0.0412265 0 1 0 -0.0412265 0 0.99915  -0.000257057 0 -0.153681 0 -0.164493 0
1.91 22.4976 0 -0.277901 0.999215 0 0.0396154 0 1 0 -0.0396154 0 0.999215  -0.00406396 0 -0.162833 0 -0.161888 0
1.92 22.4975 0 -0.27954 0.999277 0 0.038021 0 1 0 -0.038021 0 0.999277  -0.00751166 0 -0.165198 0 -0.158677 0
1.93 22.4975 0 -0.281153 0.999337 0 0.0364132 0 1 0 -0.0364132 0 0.999337  -0.00715196 0 -0.159386 0 -0.161074 0
1.94 22.4974 0 -0.282784 0.999394 0 0.03482 0 1 0 -0.03482 0 0.999394  -0.00966122 0 -0.161514 0 -0.159819 0
1.95 22.4973 0 -0.28449 0.999447 0 0.0332547 0 1 0 -0.0332547 0 0.999447  -0.0147539 0 -0.173855 0 -0.155245 0
1.96 22.4971 0 -0.28613 0.999498 0 0.0316679 0 1 0 -0.0316679 0 0.999498  -0.0140815 0 -0.164661 0 -0.158458 0
1.97 22.497 0 -0.287753 0.999547 0 0.0300923 0 1 0 -0.0300923 0 0.999547  -0.0151605 0 -0.15903 0 -0.158501 0
1.98 22.4968 0 -0.289483 0.999592 0 0.0285679 0 1 0 -0.0285679 0 0.999592  -0.0222217 0 -0.174971 0 -0.150988 0
1.99 22.4966 0 -0.291095 0.999635 0 0.0270124 0 1 0 -0.0270124 0 0.999635  -0.0206291 0 -0.162234 0 -0.154501 0
2 22.4964 0 -0.292712 0.999675 0 0.0254776 0 1 0 -0.0254776 0 0.999675  -0.0223877 0 -0.158774 0 -0.153838 0
2.01 22.4961 0 -0.29442 0.999712 0 0.023992 0 1 0 -0.023992 0 0.999712  -0.0285991 0 -0.173144 0 -0.146868 0
2.02 22.4958 0 -0.296031 0.999747 0 0.0224772 0 1 0 -0.0224772 0 0.999747  -0.0275737 0 -0.162136 0 -0.150492 0
2.03 22.4955 0 -0.297636 0.99978 0 0.0209858 0 1 0 -0.0209858 0 0.99978  -0.0288319 0 -0.157222 0 -0.149636 0
2.04 22.4952 0 -0.299354 0.999809 0 0.0195494 0 1 0 -0.0195494 0 0.999809  -0.0353852 0 -0.173248 0 -0.142102 0
2.05 22.4949 0 -0.300943 0.999837 0 0.0180773 0 1 0 -0.0180773 0 0.999837  -0.0338317 0 -0.159381 0 -0.146358 0
2.06 22.4945 0 -0.30257 0.999861 0 0.0166438 0 1 0 -0.0166438 0 0.999861  -0.0363629 0 -0.160466 0 -0.143416 0
2.07 22.4941 0 -0.304291 0.999884 0 0.0152477 0 1 0 -0.0152477 0 0.999884  -0.0419359 0 -0.175545 0 -0.137559 0
2.08 22.4937 0 -0.305853 0.999904 0 0.0138257 0 1 0 -0.0138257 0 0.999904  -0.0395345 0 -0.155564 0 -0.141581 0
2.09 22.4933 0 -0.307484 0.999922 0 0.0124517 0 1 0 -0.0124517 0 0.999922  -0.0429026 0 -0.159319 0 -0.137497 0
2.1 22.4928 0 -0.309161 0.999938 0 0.0111182 0 1 0 -0.0111182 0 0.999938  -0.0480835 0 -0.170358 0 -0.131069 0
2.11 22.4924 0 -0.310724 0.999952 0 0.00977003 0 1 0 -0.00977003 0 0.999952  -0.0460119 0 -0.153466 0 -0.134481 0
2.12 22.4919 0 -0.312264 0.999964 0 0.00843075 0 1 0 -0.00843075 0 0.999964  -0.0472766 0 -0.150559 0 -0.134022 0
2.13 22.4914 0 -0.314036 0.999974 0 0.0071956 0 1 0 -0.0071956 0 0.999974  -0.0580198 0 -0.187502 0 -0.118939 0
2.14 22.4909 0 -0.315484 0.999983 0 0.0058702 0 1 0 -0.0058702 0 0.999983  -0.0493655 0 -0.14463 0 -0.131569 0
2.15 22.4904 0 -0.317048 0.999989 0 0.00460871 0 1 0 -0.00460871 0 0.999989  -0.052315 0 -0.147333 0 -0.1282 0
2.16 22.4898 0 -0.318812 0.999994 0 0.00344706 0 1 0 -0.00344706 0 0.999994  -0.063184 0 -0.184219 0 -0.111998 0
2.17 22.4892 0 -0.320279 0.999998 0 0.00220114 0 1 0 -0.00220114 0 0.999998  -0.0551679 0 -0.147144 0 -0.123117 0
2.18 22.4886 0 -0.321832 0.999999 0 0.00100836 0 1 0 -0.00100836 0 0.999999  -0.0569785 0 -0.146552 0 -0.121351 0
2.19 22.488 0 -0.323586 1 0 -8.28457e-05 0 1 0 8.28457e-05 0 1  -0.0675708 0 -0.181986 0 -0.105491 0
2.2 22.4874 0 -0.325056 0.999999 0 -0.00125447 0 1 0 0.00125447 0 0.999999  -0.0601931 0 -0.148398 0 -0.115325 0
2.21 22.4868 0 -0.326598 0.999997 0 -0.00236862 0 1 0 0.00236862 0 0.999997  -0.0617767 0 -0.147012 0 -0.11267 0
2.22 22.4861 0 -0.328313 0.999994 0 -0.00338464 0 1 0 0.00338464 0 0.999994  -0.0707505 0 -0.176581 0 -0.0981104 0
2.23 22.4854 0 -0.329767 0.99999 0 -0.00446368 0 1 0 0.00446368 0 0.99999  -0.064223 0 -0.14476 0 -0.106421 0
2.24 22.4848 0 -0.331283 0.999985 0 -0.00548686 0 1 0 0.00548686 0 0.999985  -0.0655096 0 -0.1437 0 -0.103509 0
2.25 22.484 0 -0.332966 0.999979 0 -0.00641857 0 1 0 0.00641857 0 0.999979  -0.0741376 0 -0.17371 0 -0.0896058 0
2.26 22.4834 0 -0.334454 0.999973 0 -0.00740728 0 1 0 0.00740728 0 0.999973  -0.0683367 0 -0.150885 0 -0.096983 0
2.27 22.4827 0 -0.33589 0.999965 0 -0.00835806 0 1 0 0.00835806 0 0.999965  -0.0666185 0 -0.135604 0 -0.0963932 0
2.28 22.4819 0 -0.337531 0.999958 0 -0.00919532 0 1 0 0.00919532 0 0.999958  -0.076153 0 -0.166678 0 -0.0802569 0
2.29 22.4812 0 -0.338963 0.999949 0 -0.0100704 0 1 0 0.0100704 0 0.999949  -0.0707786 0 -0.143936 0 -0.084993 0
2.3 22.4806 0 -0.340298 0.99994 0 -0.0109303 0 1 0 0.0109303 0 0.99994  -0.0669737 0 -0.123011 0 -0.0876709 0
2.31 22.4798 0 -0.341884 0.999932 0 -0.0116641 0 1 0 0.0116641 0 0.999932  -0.0779681 0 -0.163458 0 -0.0695103 0
2.32 22.4791 0 -0.343303 0.999923 0 -0.0124378 0 1 0 0.0124378 0 0.999923  -0.0738319 0 -0.150437 0 -0.0728458 0
2.33 22.4784 0 -0.344563 0.999913 0 -0.0132226 0 1 0 0.0132226 0 0.999913  -0.0663704 0 -0.116632 0 -0.0804291 0
2.34 22.4776 0 -0.346066 0.999904 0 -0.0138732 0 1 0 0.0138732 0 0.999904  -0.0758008 0 -0.148673 0 -0.0633907 0
2.35 22.4769 0 -0.347473 0.999895 0 -0.0145187 0 1 0 0.0145187 0 0.999895  -0.0746867 0 -0.146722 0 -0.0599652 0
2.36 22.4762 0 -0.348661 0.999884 0 -0.0152044 0 1 0 0.0152044 0 0.999884  -0.0659227 0 -0.10968 0 -0.0698576 0
2.37 22.4755 0 -0.350066 0.999876 0 -0.0157621 0 1 0 0.0157621 0 0.999876  -0.0736318 0 -0.136854 0 -0.054873 0
2.38 22.4747 0 -0.35147 0.999867 0 -0.0162957 0 1 0 0.0162957 0 0.999867  -0.075196 0 -0.150196 0 -0.0478736 0
2.39 22.4741 0 -0.352626 0.999857 0 -0.0168901 0 1 0 0.0168901 0 0.999857  -0.0659473 0 -0.112471 0 -0.0593451 0
2.4 22.4734 0 -0.353989 0.999849 0 -0.0173709 0 1 0 0.0173709 0 0.999849  -0.0704949 0 -0.131792 0 -0.0481973 0
2.41 22.4726 0 -0.355362 0.999841 0 -0.0178101 0 1 0 0.0178101 0 0.999841  -0.0726211 0 -0.143453 0 -0.0397909 0
2.42 22.472 0 -0.356519 0.999833 0 -0.018295 0 1 0 0.018295 0 0.999833  -0.0643314 0 -0.111098 0 -0.048302 0
2.43 22.4713 0 -0.357805 0.999825 0 -0.0186916 0 1 0 0.0186916 0 0.999825  -0.067012 0 -0.123766 0 -0.0396021 0
2.44 22.4706 0 -0.359153 0.999819 0 -0.0190262 0 1 0 0.0190262 0 0.999819  -0.0702751 0 -0.141625 0 -0.028993 0
2.45 22.47 0 -0.360284 0.999812 0 -0.0194061 0 1 0 0.0194061 0 0.999812  -0.0616104 0 -0.109767 0 -0.0373215 0
2.46 22.4694 0 -0.361463 0.999806 0 -0.0197211 0 1 0 0.0197211 0 0.999806  -0.0613791 0 -0.11009 0 -0.0323702 0
2.47 22.4687 0 -0.362793 0.999801 0 -0.0199446 0 1 0 0.0199446 0 0.999801  -0.0675728 0 -0.139813 0 -0.0177825 0
2.48 22.4681 0 -0.363887 0.999795 0 -0.0202235 0 1 0 0.0202235 0 0.999795  -0.0585997 0 -0.110255 0 -0.0258619 0
2.49 22.4675 0 -0.365027 0.999791 0 -0.0204509 0 1 0 0.0204509 0 0.999791  -0.0561991 0 -0.105335 0 -0.0243269 0
2.5 22.4669 0 -0.366312 0.999788 0 -0.0205867 0 1 0 0.0205867 0 0.999788  -0.0618782 0 -0.131587 0 -0.010621 0
2.51 22.4663 0 -0.36741 0.999785 0 -0.0207535 0 1 0 0.0207535 0 0.999785  -0.0553484 0 -0.111242 0 -0.0142432 0
2.52 22.4658 0 -0.368473 0.999782 0 -0.0208994 0 1 0 0.0208994 0 0.999782  -0.0509448 0 -0.0992783 0 -0.0153818 0
2.53 22.4652 0 -0.369728 0.999781 0 -0.0209396 0 1 0 0.0209396 0 0.999781  -0.0569474 0 -0.129288 0 -0.000908718 0
2.54 22.4647 0 -0.370794 0.999779 0 -0.0210141 0 1 0 0.0210141 0 0.999779  -0.050214 0 -0.109072 0 -0.00484667 0
2.55 22.4643 0 -0.37181 0.999778 0 -0.0210736 0 1 0 0.0210736 0 0.999778  -0.045077 0 -0.093953 0 -0.00704164 0
2.56 22.4637 0 -0.373019 0.999779 0 -0.0210238 0 1 0 0.0210238 0 0.999779  -0.0508528 0 -0.123701 0 0.00786969 0
2.57 22.4633 0 -0.374046 0.999779 0 -0.021006 0 1 0 0.021006 0 0.999779  -0.0449954 0 -0.105952 0 0.00488097 0
2.58 22.4629 0 -0.375044 0.99978 0 -0.0209609 0 1 0 0.0209609 0 0.99978  -0.0399904 0 -0.0905575 0 0.0029194 0
2.59 22.4624 0 -0.376185 0.999783 0 -0.0208393 0 1 0 0.0208393 0 0.999783  -0.0428566 0 -0.111909 0 0.0130148 0
2.6 22.462 0 -0.377235 0.999786 0 -0.0207083 0 1 0 0.0207083 0 0.999786  -0.0407488 0 -0.108811 0 0.0161329 0
2.61 22.4617 0 -0.378159 0.999788 0 -0.0205897 0 1 0 0.0205897 0 0.999788  -0.034351 0 -0.0880098 0 0.0120877 0
2.62 22.4613 0 -0.379235 0.999792 0 -0.0203854 0 1 0 0.0203854 0 0.999792  -0.0372001 0 -0.107644 0 0.0221306 0
2.63 22.4609 0 -0.380257 0.999797 0 -0.0201691 0 1 0 0.0201691 0 0.999797  -0.0346902 0 -0.106124 0 0.0245735 0
2.64 22.4606 0 -0.38114 0.999801 0 -0.019972 0 1 0 0.019972 0 0.999801  -0.0276078 0 -0.0824456 0 0.0191118 0
2.65 22.4603 0 -0.38218 0.999806 0 -0.0196842 0 1 0 0.0196842 0 0.999806  -0.0310481 0 -0.102069 0 0.0297211 0
2.66 22.46 0 -0.383175 0.999812 0 -0.0193824 0 1 0 0.0193824 0 0.999812  -0.0292095 0 -0.10369 0 0.0333302 0
2.67 22.4598 0 -0.383993 0.999817 0 -0.01911 0 1 0 0.01911 0 0.999817  -0.0215018 0 -0.0757763 0 0.0266419 0
2.68 22.4595 0 -0.384963 0.999824 0 -0.0187511 0 1 0 0.0187511 0 0.999824  -0.0247156 0 -0.0939077 0 0.0364137 0
2.69 22.4593 0 -0.385899 0.999831 0 -0.0183733 0 1 0 0.0183733 0 0.999831  -0.0243021 0 -0.098114 0 0.0410742 0
2.7 22.4591 0 -0.386643 0.999837 0 -0.0180337 0 1 0 0.0180337 0 0.999837  -0.0156775 0 -0.0692507 0 0.0337094 0
2.71 22.4589 0 -0.387549 0.999845 0 -0.0176074 0 1 0 0.0176074 0 0.999845  -0.0191509 0 -0.0884281 0 0.0433168 0
2.72 22.4587 0 -0.388438 0.999853 0 -0.0171575 0 1 0 0.0171575 0 0.999853  -0.0187244 0 -0.0945473 0 0.0484823 0
2.73 22.4586 0 -0.389155 0.99986 0 -0.0167454 0 1 0 0.0167454 0 0.99986  -0.010373 0 -0.0673386 0 0.0409921 0
2.74 22.4584 0 -0.389994 0.999868 0 -0.0162591 0 1 0 0.0162591 0 0.999868  -0.0128892 0 -0.080376 0 0.0486999 0
2.75 22.4583 0 -0.390858 0.999876 0 -0.015736 0 1 0 0.015736 0 0.999876  -0.0142399 0 -0.0915456 0 0.055597 0
2.76 22.4582 0 -0.391524 0.999884 0 -0.0152597 0 1 0 0.0152597 0 0.999884  -0.00578344 0 -0.0625683 0 0.0475259 0
2.77 22.4581 0 -0.392301 0.999892 0 -0.0147179 0 1 0 0.0147179 0 0.999892  -0.00752521 0 -0.0727957 0 0.053692 0
2.78 22.4581 0 -0.393128 0.9999 0 -0.0141314 0 1 0 0.0141314 0 0.9999  -0.0102591 0 -0.0883574 0 0.0619528 0
2.79 22.458 0 -0.393752 0.999908 0 -0.0135962 0 1 0 0.0135962 0 0.999908  -0.00206431 0 -0.060397 0 0.0539471 0
2.8 22.458 0 -0.394482 0.999915 0 -0.0130008 0 1 0 0.0130008 0 0.999915  -0.00311161 0 -0.0681911 0 0.058868 0
2.81 22.4579 0 -0.395251 0.999924 0 -0.0123674 0 1 0 0.0123674 0 0.999924  -0.00587663 0 -0.0813797 0 0.0661139 0
2.82 22.4579 0 -0.395826 0.999931 0 -0.0117815 0 1 0 0.0117815 0 0.999931  0.0011221 0 -0.0559769 0 0.0591949 0
2.83 22.4579 0 -0.396506 0.999938 0 -0.0111354 0 1 0 0.0111354 0 0.999938  0.000188022 0 -0.0639703 0 0.0642861 0
2.84 22.4579 0 -0.397202 0.999945 0 -0.0104629 0 1 0 0.0104629 0 0.999945  -0.002058 0 -0.0726244 0 0.0694042 0
2.85 22.4579 0 -0.397749 0.999952 0 -0.00982284 0 1 0 0.00982284 0 0.999952  0.00366782 0 -0.0520809 0 0.0640924 0
2.86 22.4579 0 -0.398343 0.999958 0 -0.00914767 0 1 0 0.00914767 0 0.999958  0.00239271 0 -0.055144 0 0.0669702 0
2.87 22.4579 0 -0.398976 0.999964 0 -0.00843875 0 1 0 0.00843875 0 0.999964  -0.000208135 0 -0.0670411 0 0.0731878 0
2.88 22.458 0 -0.399469 0.99997 0 -0.00776385 0 1 0 0.00776385 0 0.99997  0.00453324 0 -0.0490895 0 0.0683429 0
2.89 22.458 0 -0.399999 0.999975 0 -0.00706001 0 1 0 0.00706001 0 0.999975  0.00462137 0 -0.0487257 0 0.0696182 0
2.9 22.4581 0 -0.400558 0.99998 0 -0.00632759 0 1 0 0.00632759 0 0.99998  0.00216406 0 -0.0582761 0 0.074926 0
2.91 22.4581 0 -0.401074 0.999984 0 -0.00559437 0 1 0 0.00559437 0 0.999984  0.00426127 0 -0.0542471 0 0.0751948 0
2.92 22.4582 0 -0.401525 0.999988 0 -0.00487109 0 1 0 0.00487109 0 0.999988  0.00682402 0 -0.0417783 0 0.07191 0
2.93 22.4582 0 -0.402073 0.999992 0 -0.00409564 0 1 0 0.00409564 0 0.999992  0.00359319 0 -0.0541017 0 0.0780433 0
2.94 22.4582 0 -0.402557 0.999994 0 -0.00333089 0 1 0 0.00333089 0 0.999994  0.00431777 0 -0.0496334 0 0.0776782 0
2.95 22.4583 0 -0.402975 0.999997 0 -0.00257935 0 1 0 0.00257935 0 0.999997  0.00640487 0 -0.0380336 0 0.0743841 0
2.96 22.4583 0 -0.403468 0.999998 0 -0.00178727 0 1 0 0.00178727 0 0.999998  0.00307872 0 -0.0484366 0 0.0795012 0
2.97 22.4584 0 -0.40392 1 0 -0.000998463 0 1 0 0.000998463 0 1  0.00310981 0 -0.0469921 0 0.0801897 0
2.98 22.4584 0 -0.404297 1 0 -0.000226921 0 1 0 0.000226921 0 1  0.0055532 0 -0.0345345 0 0.0765777 0
2.99 22.4584 0 -0.404741 1 0 0.000577217 0 1 0 -0.000577217 0 1  0.00192006 0 -0.0430095 0 0.0803457 0
3 22.4585 0 -0.405154 0.999999 0 0.00138062 0 1 0 -0.00138062 0 0.999999  0.00122844 0 -0.0425046 0 0.0812255 0
3.01 22.4585 0 -0.405485 0.999998 0 0.00216242 0 1 0 -0.00216242 0 0.999998  0.00376313 0 -0.0297552 0 0.0774558 0
3.02 22.4585 0 -0.405879 0.999996 0 0.00297434 0 1 0 -0.00297434 0 0.999996  6.57368e-05 0 -0.0383136 0 0.0812015 0
3.03 22.4585 0 -0.406266 0.999993 0 0.00378691 0 1 0 -0.00378691 0 0.999993  -0.00195765 0 -0.0410262 0 0.082415 0
3.04 22.4585 0 -0.406535 0.99999 0 0.00456255 0 1 0 -0.00456255 0 0.99999  0.00154175 0 -0.0233708 0 0.0764868 0
3.05 22.4585 0 -0.406868 0.999986 0 0.00536631 0 1 0 -0.00536631 0 0.999986  -0.00258726 0 -0.0313054 0 0.0799114 0
3.06 22.4584 0 -0.407226 0.999981 0 0.00618226 0 1 0 -0.00618226 0 0.999981  -0.00615903 0 -0.0394569 0 0.0831479 0
3.07 22.4584 0 -0.407427 0.999976 0 0.00694287 0 1 0 -0.00694287 0 0.999976  -0.00136208 0 -0.017061 0 0.0750291 0
3.08 22.4584 0 -0.407721 0.99997 0 0.00773976 0 1 0 -0.00773976 0 0.99997  -0.00593583 0 -0.0263211 0 0.0786811 0
3.09 22.4583 0 -0.40803 0.999963 0 0.00854568 0 1 0 -0.00854568 0 0.999963  -0.00991808 0 -0.0347417 0 0.0821703 0
3.1 22.4582 0 -0.408202 0.999957 0 0.00929972 0 1 0 -0.00929972 0 0.999957  -0.00593871 0 -0.0149663 0 0.0746617 0
3.11 22.4581 0 -0.408445 0.999949 0 0.0100804 0 1 0 -0.0100804 0 0.999949  -0.00954268 0 -0.0206293 0 0.0766422 0
3.12 22.458 0 -0.408714 0.999941 0 0.0108712 0 1 0 -0.0108712 0 0.999941  -0.0140176 0 -0.0302215 0 0.0802279 0
3.13 22.4579 0 -0.408871 0.999932 0 0.0116188 0 1 0 -0.0116188 0 0.999932  -0.0113217 0 -0.0148687 0 0.0744091 0
3.14 22.4578 0 -0.409046 0.999923 0 0.0123706 0 1 0 -0.0123706 0 0.999923  -0.0133263 0 -0.0133825 0 0.0735198 0
3.15 22.4576 0 -0.40928 0.999914 0 0.0131438 0 1 0 -0.0131438 0 0.999914  -0.0183902 0 -0.025852 0 0.078137 0
3.16 22.4574 0 -0.409399 0.999904 0 0.0138707 0 1 0 -0.0138707 0 0.999904  -0.0170916 0 -0.0116813 0 0.0725218 0
3.17 22.4573 0 -0.409498 0.999894 0 0.0145861 0 1 0 -0.0145861 0 0.999894  -0.0172908 0 -0.00575977 0 0.0698321 0
3.18 22.457 0 -0.409715 0.999882 0 0.0153423 0 1 0 -0.0153423 0 0.999882  -0.0244417 0 -0.0260321 0 0.0770783 0
3.19 22.4568 0 -0.409768 0.999871 0 0.0160334 0 1 0 -0.0160334 0 0.999871  -0.0218716 0 -0.00639612 0 0.0693076 0
3.2 22.4566 0 -0.409898 0.99986 0 0.016746 0 1 0 -0.016746 0 0.99986  -0.0229149 0 -0.00842338 0 0.0692867 0
3.21 22.4563 0 -0.410015 0.999848 0 0.0174451 0 1 0 -0.0174451 0 0.999848  -0.0280145 0 -0.012172 0 0.0696898 0
3.22 22.456 0 -0.410163 0.999835 0 0.018151 0 1 0 -0.018151 0 0.999835  -0.0293976 0 -0.013955 0 0.0699289 0
3.23 22.4558 0 -0.410179 0.999823 0 0.0187926 0 1 0 -0.0187926 0 0.999823  -0.0264457 0 0.00405708 0 0.0616434 0
3.24 22.4554 0 -0.410351 0.99981 0 0.0194836 0 1 0 -0.0194836 0 0.99981  -0.0353345 0 -0.0182724 0 0.0689008 0
3.25 22.4551 0 -0.410444 0.999797 0 0.0201366 0 1 0 -0.0201366 0 0.999797  -0.0355134 0 -0.0131748 0 0.0662782 0
3.26 22.4548 0 -0.410451 0.999785 0 0.0207437 0 1 0 -0.0207437 0 0.999785  -0.0320522 0 0.00437001 0 0.0582803 0
3.27 22.4544 0 -0.410571 0.999771 0 0.0213832 0 1 0 -0.0213832 0 0.999771  -0.0395945 0 -0.00919262 0 0.0623433 0
3.28 22.454 0 -0.410689 0.999758 0 0.0220087 0 1 0 -0.0220087 0 0.999758  -0.041629 0 -0.0147155 0 0.063038 0
3.29 22.4536 0 -0.410671 0.999745 0 0.0225719 0 1 0 -0.0225719 0 0.999745  -0.0384243 0 0.00498463 0 0.0544939 0
3.3 22.4532 0 -0.410757 0.999732 0 0.0231599 0 1 0 -0.0231599 0 0.999732  -0.0440485 0 -0.00637191 0 0.0573451 0
3.31 22.4527 0 -0.410848 0.999718 0 0.0237394 0 1 0 -0.0237394 0 0.999718  -0.0476478 0 -0.0127192 0 0.058752 0
3.32 22.4523 0 -0.410889 0.999705 0 0.0242779 0 1 0 -0.0242779 0 0.999705  -0.045682 0 -0.0028074 0 0.0526172 0
3.33 22.4518 0 -0.41087 0.999693 0 0.0247884 0 1 0 -0.0247884 0 0.999693  -0.0460148 0 0.00692745 0 0.0484131 0
3.34 22.4512 0 -0.411077 0.999678 0 0.0253572 0 1 0 -0.0253572 0 0.999678  -0.0563706 0 -0.0251889 0 0.0577787 0
3.35 22.4507 0 -0.41111 0.999666 0 0.0258418 0 1 0 -0.0258418 0 0.999666  -0.0521065 0 -0.00564156 0 0.0482154 0
3.36 22.4502 0 -0.411032 0.999655 0 0.0262837 0 1 0 -0.0262837 0 0.999655  -0.0471318 0 0.0194951 0 0.0392545 0
3.37 22.4496 0 -0.411389 0.999639 0 0.0268583 0 1 0 -0.0268583 0 0.999639  -0.066307 0 -0.0400676 0 0.0583628 0
3.38 22.4491 0 -0.411295 0.999628 0 0.0272629 0 1 0 -0.0272629 0 0.999628  -0.0532942 0 0.00898152 0 0.0397053 0
3.39 22.4485 0 -0.411265 0.999617 0 0.0276715 0 1 0 -0.0276715 0 0.999617  -0.052643 0 0.017084 0 0.0350122 0
3.4 22.4479 0 -0.411533 0.999603 0 0.0281713 0 1 0 -0.0281713 0 0.999603  -0.0699037 0 -0.0345961 0 0.0520106 0
3.41 22.4473 0 -0.411452 0.999593 0 0.028526 0 1 0 -0.028526 0 0.999593  -0.0586391 0 0.00505217 0 0.0357141 0
3.42 22.4467 0 -0.411366 0.999584 0 0.0288585 0 1 0 -0.0288585 0 0.999584  -0.0557672 0 0.0206896 0 0.0278568 0
3.43 22.446 0 -0.411594 0.999571 0 0.0292927 0 1 0 -0.0292927 0 0.999571  -0.0722178 0 -0.0297612 0 0.045132 0
3.44 22.4454 0 -0.411504 0.999562 0 0.0295916 0 1 0 -0.0295916 0 0.999562  -0.062731 0 0.00421562 0 0.0308645 0
3.45 22.4448 0 -0.411384 0.999554 0 0.0298591 0 1 0 -0.0298591 0 0.999554  -0.0583548 0 0.0231643 0 0.0216796 0
3.46 22.4441 0 -0.411568 0.999543 0 0.0302219 0 1 0 -0.0302219 0 0.999543  -0.0734071 0 -0.0232072 0 0.0371765 0
3.47 22.4434 0 -0.4115 0.999536 0 0.030473 0 1 0 -0.030473 0 0.999536  -0.0664006 0 0.00161906 0 0.0261114 0
3.48 22.4428 0 -0.411355 0.999529 0 0.0306756 0 1 0 -0.0306756 0 0.999529  -0.0600361 0 0.024837 0 0.0154283 0
3.49 22.4421 0 -0.411511 0.99952 0 0.0309701 0 1 0 -0.0309701 0 0.99952  -0.0744858 0 -0.01912 0 0.0297966 0
3.5 22.4414 0 -0.411453 0.999514 0 0.0311673 0 1 0 -0.0311673 0 0.999514  -0.0686846 0 4.82069e-05 0 0.0209466 0
3.51 22.4408 0 -0.4113 0.99951 0 0.0313058 0 1 0 -0.0313058 0 0.99951  -0.0619107 0 0.024603 0 0.00936041 0
3.52 22.44 0 -0.411426 0.999503 0 0.0315301 0 1 0 -0.0315301 0 0.999503  -0.0743414 0 -0.0145689 0 0.0221921 0
3.53 22.4393 0 -0.41139 0.999498 0 0.031675 0 1 0 -0.031675 0 0.999498  -0.0704273 0 -0.00194262 0 0.0156344 0
3.54 22.4387 0 -0.411221 0.999496 0 0.0317512 0 1 0 -0.0317512 0 0.999496  -0.0617815 0 0.0268151 0 0.00298798 0
3.55 22.438 0 -0.411285 0.999491 0 0.031896 0 1 0 -0.031896 0 0.999491  -0.0725302 0 -0.00764259 0 0.0140081 0
3.56 22.4373 0 -0.411302 0.999488 0 0.0320052 0 1 0 -0.0320052 0 0.999488  -0.0735847 0 -0.0117979 0 0.013662 0
3.57 22.4366 0 -0.411066 0.999488 0 0.0319973 0 1 0 -0.0319973 0 0.999488  -0.0595744 0 0.0328799 0 -0.00523991 0
