*************************Generated by extractLog.sh*************************
*      Tue Nov  5 10:14:06 MST 2024. Case: 2D_RM6_noPTO_moored
* Note: Data was extracted from log.overInterDyMFoam using extractLog.sh
*       Can be visualized with plotMotion.py and/or plotForces.py
****************************************************************************
Time X(x3) Orientation(x9) dX(x3) dX_angular(x3) Force(x3) Moment(x3)
0.01 22.7326 0 -0.28603 1 0 5.94999e-05 0 1 0 -5.94999e-05 0 1  -0.0318488 0 -0.00606384 0 0.0119 0              15.5955 8.52141e-18 51.9439              7.52863e-18 -9.64772 -8.75767e-18
0.02 22.7323 0 -0.285961 1 0 0.000195584 0 1 0 -0.000195584 0 1  -0.0598985 0 0.00673659 0 0.0225171 0              27.7169 -2.91175e-17 46.8048              -1.12887e-17 -11.3936 2.18458e-17
0.03 22.7319 0 -0.285752 1 0 0.000366897 0 1 0 -0.000366897 0 1  -0.0503094 0 0.0286802 0 0.0203346 0              15.9004 1.12833e-17 18.2009              4.7868e-18 -1.91925 -1.11603e-17
0.04 22.7313 0 -0.285674 1 0 0.000648103 0 1 0 -0.000648103 0 1  -0.0653293 0 0.0084464 0 0.0310781 0              16.471 -9.39261e-18 45.6924              -2.42389e-18 -9.0493 6.95344e-18
0.05 22.7305 0 -0.285488 1 0 0.000980571 0 1 0 -0.000980571 0 1  -0.0891614 0 0.0153097 0 0.0376316 0              23.47 6.88026e-17 56.7124              3.99126e-17 -12.4494 -6.38445e-17
0.06 22.7296 0 -0.285136 0.999999 0 0.00134142 0 1 0 -0.00134142 0 0.999999  -0.0963616 0 0.0426007 0 0.0377764 0              14.4657 -1.21063e-17 18.2649              -7.92176e-18 -0.745311 1.49066e-17
0.07 22.7285 0 -0.284915 0.999998 0 0.00181911 0 1 0 -0.00181911 0 0.999998  -0.11349 0 0.0251235 0 0.0509264 0              18.606 -1.86305e-17 42.3462              -1.06199e-17 -8.55964 1.90116e-17
0.08 22.7273 0 -0.284616 0.999997 0 0.0023447 0 1 0 -0.0023447 0 0.999997  -0.130192 0 0.026255 0 0.0575333 0              22.2161 -2.16181e-17 55.6919              -1.98388e-17 -12.686 -2.30231e-18
0.09 22.726 0 -0.284144 0.999996 0 0.0028842 0 1 0 -0.0028842 0 0.999996  -0.139132 0 0.0531362 0 0.0554867 0              15.0868 5.06645e-17 23.9239              1.97915e-17 -2.0187 -4.15721e-17
0.1 22.7245 0 -0.283791 0.999994 0 0.00354277 0 1 0 -0.00354277 0 0.999994  -0.156537 0 0.0389871 0 0.0683417 0              18.539 -3.49986e-18 40.459              -9.37028e-18 -7.74172 -1.90834e-18
0.11 22.7228 0 -0.283377 0.999991 0 0.00425113 0 1 0 -0.00425113 0 0.999991  -0.17108 0 0.0388268 0 0.0755295 0              21.4848 -2.86726e-17 52.6775              -1.57915e-17 -11.7926 3.47065e-17
0.12 22.7211 0 -0.282801 0.999988 0 0.00496856 0 1 0 -0.00496856 0 0.999988  -0.179549 0 0.062337 0 0.0734558 0              15.6497 2.43342e-17 27.8921              7.28994e-18 -3.22734 -3.90911e-17
0.13 22.7192 0 -0.282334 0.999983 0 0.00579797 0 1 0 -0.00579797 0 0.999983  -0.196098 0 0.0500574 0 0.0851717 0              18.5602 3.30972e-17 40.9383              8.76292e-18 -7.59419 -4.98915e-17
0.14 22.7172 0 -0.281795 0.999978 0 0.00666892 0 1 0 -0.00666892 0 0.999978  -0.208942 0 0.0524017 0 0.09115 0              20.5553 -2.28907e-17 49.1032              -1.62468e-17 -10.2856 3.61752e-17
0.15 22.7151 0 -0.281129 0.999971 0 0.00755825 0 1 0 -0.00755825 0 0.999971  -0.217238 0 0.0709111 0 0.0906761 0              16.3138 -6.87669e-17 31.1337              -2.9938e-17 -3.98163 8.2818e-17
0.16 22.7128 0 -0.280544 0.999963 0 0.00854573 0 1 0 -0.00854573 0 0.999963  -0.23187 0 0.0614411 0 0.101013 0              18.6249 -3.04951e-17 42.2846              -2.24199e-17 -7.81531 1.10534e-17
0.17 22.7104 0 -0.279882 0.999954 0 0.00956893 0 1 0 -0.00956893 0 0.999954  -0.242845 0 0.0659195 0 0.105761 0              19.5173 -7.42656e-17 46.0262              -3.97197e-17 -9.01495 5.0348e-17
0.18 22.708 0 -0.279128 0.999944 0 0.0106189 0 1 0 -0.0106189 0 0.999944  -0.251109 0 0.0793817 0 0.106616 0              15.9834 2.77411e-17 30.4023              1.54676e-17 -3.69682 -9.88763e-18
0.19 22.7054 0 -0.278416 0.999931 0 0.0117465 0 1 0 -0.0117465 0 0.999931  -0.262964 0 0.0731287 0 0.115043 0              17.9614 -1.56764e-16 40.5295              -1.05691e-16 -7.07641 5.0279e-17
0.2 22.7027 0 -0.277651 0.999917 0 0.0129085 0 1 0 -0.0129085 0 0.999917  -0.273026 0 0.0758371 0 0.119375 0              19.324 -3.29843e-17 46.1432              -4.00969e-18 -8.47296 5.74591e-17
0.21 22.7 0 -0.276792 0.999901 0 0.0140955 0 1 0 -0.0140955 0 0.999901  -0.279652 0 0.0892345 0 0.120238 0              16.8213 3.17737e-17 35.97              1.40087e-17 -5.05345 -1.5156e-17
0.22 22.6971 0 -0.27599 0.999882 0 0.0153579 0 1 0 -0.0153579 0 0.999882  -0.290926 0 0.0827887 0 0.128114 0              17.3113 -2.43309e-17 39.8222              -1.27571e-17 -6.66737 2.389e-17
0.23 22.6942 0 -0.275117 0.999862 0 0.0166406 0 1 0 -0.0166406 0 0.999862  -0.299098 0 0.0877284 0 0.130707 0              17.9952 -1.32157e-17 41.984              -1.65673e-18 -7.06803 1.60884e-18
0.24 22.6911 0 -0.274209 0.999839 0 0.0179585 0 1 0 -0.0179585 0 0.999839  -0.305999 0 0.09296 0 0.13328 0              16.5531 2.08721e-16 37.546              1.59503e-16 -5.44405 -1.21831e-17
0.25 22.688 0 -0.27331 0.999813 0 0.019324 0 1 0 -0.019324 0 0.999813  -0.314963 0 0.0913719 0 0.138247 0              16.9017 5.97497e-17 39.0907              4.75809e-17 -5.73624 1.31227e-17
0.26 22.6849 0 -0.27234 0.999785 0 0.020712 0 1 0 -0.020712 0 0.999785  -0.320276 0 0.09817 0 0.140718 0              16.9727 7.91745e-17 39.2876              3.61455e-17 -5.65266 -9.44428e-17
0.27 22.6816 0 -0.271374 0.999755 0 0.0221417 0 1 0 -0.0221417 0 0.999755  -0.327237 0 0.0979885 0 0.144693 0              16.7002 -6.82178e-17 39.8975              -7.93185e-17 -5.84823 -5.65356e-17
0.28 22.6783 0 -0.270371 0.999722 0 0.023594 0 1 0 -0.023594 0 0.999722  -0.333304 0 0.101438 0 0.146766 0              16.8905 -5.18737e-18 40.3753              3.79002e-19 -5.46606 1.18111e-18
0.29 22.675 0 -0.269337 0.999686 0 0.0250769 0 1 0 -0.0250769 0 0.999686  -0.33812 0 0.105187 0 0.14959 0              16.1293 -9.13891e-17 37.7745              -1.04791e-16 -4.47953 -1.00535e-16
0.3 22.6716 0 -0.268275 0.999646 0 0.0265911 0 1 0 -0.0265911 0 0.999646  -0.342584 0 0.107594 0 0.152997 0              14.2999 2.15137e-16 32.7719              1.67611e-16 -3.73736 -1.82681e-17
0.31 22.6681 0 -0.267187 0.999604 0 0.0281242 0 1 0 -0.0281242 0 0.999604  -0.347466 0 0.108753 0 0.155163 0              15.307 -1.81627e-16 37.4507              -1.43097e-16 -4.96007 2.53565e-18
0.32 22.6646 0 -0.266116 0.999559 0 0.0296839 0 1 0 -0.0296839 0 0.999559  -0.353171 0 0.10594 0 0.157632 0              16.4354 2.57948e-17 42.5347              -1.94522e-17 -5.87821 -1.00938e-16
0.33 22.6611 0 -0.264985 0.999512 0 0.0312433 0 1 0 -0.0312433 0 0.999512  -0.355477 0 0.113968 0 0.156627 0              13.6391 -5.91561e-17 33.9609              -5.22942e-17 -3.97983 8.68806e-18
0.34 22.6575 0 -0.263914 0.999461 0 0.0328322 0 1 0 -0.0328322 0 0.999461  -0.361857 0 0.107514 0 0.159513 0              17.685 -1.34164e-16 44.3557              -1.17541e-16 -4.70298 -4.5608e-17
0.35 22.6539 0 -0.26275 0.999407 0 0.0344329 0 1 0 -0.0344329 0 0.999407  -0.359633 0 0.117087 0 0.161102 0              13.0244 -1.79325e-17 33.9438              -3.02192e-17 -3.6898 -6.78506e-17
0.36 22.6503 0 -0.261632 0.99935 0 0.0360483 0 1 0 -0.0360483 0 0.99935  -0.365214 0 0.11291 0 0.162464 0              18.9542 7.66968e-17 47.4181              5.09442e-17 -4.74476 -2.3217e-17
0.37 22.6467 0 -0.260413 0.99929 0 0.0376894 0 1 0 -0.0376894 0 0.99929  -0.358842 0 0.123624 0 0.165001 0              11.3128 3.47142e-17 30.2818              -1.01194e-17 -2.7765 -7.38931e-17
0.38 22.643 0 -0.259261 0.999226 0 0.0393409 0 1 0 -0.0393409 0 0.999226  -0.365107 0 0.1162 0 0.166139 0              11.7347 3.21886e-16 32.2387              3.03912e-16 -3.00378 1.42142e-16
0.39 22.6394 0 -0.258088 0.99916 0 0.0409853 0 1 0 -0.0409853 0 0.99916  -0.368969 0 0.114267 0 0.165473 0              17.7895 5.46487e-17 46.7756              6.07204e-17 -4.26564 7.12913e-17
0.4 22.6357 0 -0.256841 0.99909 0 0.042645 0 1 0 -0.042645 0 0.99909  -0.361785 0 0.125341 0 0.16644 0              11.61 5.41751e-17 32.3986              3.97737e-17 -2.30704 -2.73636e-18
0.41 22.6321 0 -0.255658 0.999018 0 0.0443153 0 1 0 -0.0443153 0 0.999018  -0.365274 0 0.119448 0 0.167623 0              13.0477 5.97338e-17 35.2055              4.93854e-17 -1.98262 6.7481e-18
0.42 22.6285 0 -0.254409 0.998942 0 0.0459799 0 1 0 -0.0459799 0 0.998942  -0.363002 0 0.123569 0 0.167427 0              12.7812 -1.79179e-17 35.4561              -6.60027e-18 -2.24958 4.2452e-18
0.43 22.6248 0 -0.253193 0.998864 0 0.0476559 0 1 0 -0.0476559 0 0.998864  -0.362589 0 0.120471 0 0.16855 0              15.7001 -1.52474e-16 44.8119              -1.21682e-16 -3.18913 -1.60241e-17
0.44 22.6212 0 -0.251907 0.998782 0 0.0493313 0 1 0 -0.0493313 0 0.998782  -0.356454 0 0.129553 0 0.16801 0              12.0365 1.67194e-16 35.1678              1.42264e-16 -1.69916 2.79562e-17
0.45 22.6177 0 -0.250653 0.998698 0 0.0510197 0 1 0 -0.0510197 0 0.998698  -0.35535 0 0.126806 0 0.169213 0              11.2758 -3.66888e-17 34.291              4.37189e-18 -1.868 6.02688e-17
0.46 22.6141 0 -0.249416 0.99861 0 0.0527052 0 1 0 -0.0527052 0 0.99861  -0.355327 0 0.12196 0 0.169344 0              11.4403 -8.8714e-17 33.9729              -9.38315e-17 -0.913549 -2.56512e-17
0.47 22.6106 0 -0.248075 0.998521 0 0.0543679 0 1 0 -0.0543679 0 0.998521  -0.347784 0 0.133127 0 0.16676 0              11.1495 4.17839e-17 33.2143              6.58585e-18 -0.0935383 -1.75877e-17
0.48 22.6072 0 -0.246823 0.998427 0 0.0560723 0 1 0 -0.0560723 0 0.998427  -0.346357 0 0.123686 0 0.171735 0              30.0326 6.66917e-17 90.7066              3.21572e-17 -9.00767 -9.16954e-17
0.49 22.6037 0 -0.245557 0.998329 0 0.0577858 0 1 0 -0.0577858 0 0.998329  -0.337478 0 0.132933 0 0.170424 0              7.81558 -1.43875e-16 30.0683              -9.89123e-17 -1.77411 3.35665e-17
0.5 22.6003 0 -0.244202 0.998234 0 0.0594051 0 1 0 -0.0594051 0 0.998234  -0.334878 0 0.146302 0 0.157911 0              2.13113 5.35153e-17 6.81875              5.25479e-17 4.98492 3.68382e-17
0.51 22.5969 0 -0.243212 0.998128 0 0.0611549 0 1 0 -0.0611549 0 0.998128  -0.348122 0 0.090476 0 0.176834 0              20.1973 -5.46844e-16 66.7802              -4.87893e-16 -5.76724 -1.33741e-16
0.52 22.5936 0 -0.241794 0.998029 0 0.0627523 0 1 0 -0.0627523 0 0.998029  -0.326821 0 0.137948 0 0.161106 0              9.15975 8.80473e-18 32.9697              6.90947e-18 0.0425899 -1.76218e-17
0.53 22.5903 0 -0.240541 0.997925 0 0.06439 0 1 0 -0.06439 0 0.997925  -0.324411 0 0.132891 0 0.161136 0              7.48624 7.68612e-17 21.2065              8.64432e-17 4.97016 5.41151e-17
0.54 22.5871 0 -0.239336 0.997814 0 0.066086 0 1 0 -0.066086 0 0.997814  -0.319939 0 0.116363 0 0.172128 0              10.6269 -2.10169e-16 45.1076              -1.6958e-16 -4.2043 -2.27832e-18
0.55 22.5839 0 -0.23809 0.997706 0 0.0676989 0 1 0 -0.0676989 0 0.997706  -0.317699 0 0.120285 0 0.162915 0              11.9057 8.35062e-18 45.0587              2.05346e-17 -1.93019 4.12611e-17
0.56 22.5808 0 -0.236803 0.997597 0 0.0692858 0 1 0 -0.0692858 0 0.997597  -0.309363 0 0.131214 0 0.156049 0              7.09345 -3.03848e-16 26.2608              -2.3104e-16 3.05234 4.14979e-19
0.57 22.5777 0 -0.235656 0.997482 0 0.0709191 0 1 0 -0.0709191 0 0.997482  -0.307008 0 0.113602 0 0.163266 0              11.5344 -2.30047e-16 44.4298              -1.89628e-16 -0.57071 -1.08764e-18
0.58 22.5747 0 -0.234403 0.997368 0 0.0725044 0 1 0 -0.0725044 0 0.997368  -0.297441 0 0.122919 0 0.159739 0              11.6153 2.74862e-17 44.3222              3.13978e-17 0.121913 -5.49943e-18
0.59 22.5718 0 -0.23312 0.997252 0 0.0740794 0 1 0 -0.0740794 0 0.997252  -0.287488 0 0.13154 0 0.156704 0              5.27378 1.96417e-16 26.8149              1.92171e-16 1.54684 9.30031e-17
0.6 22.5688 0 -0.231998 0.997132 0 0.0756778 0 1 0 -0.0756778 0 0.997132  -0.288485 0 0.110561 0 0.160212 0              9.77617 -1.66058e-16 43.0554              -1.30362e-16 -0.87072 9.19155e-18
0.61 22.566 0 -0.230767 0.997015 0 0.077208 0 1 0 -0.077208 0 0.997015  -0.279969 0 0.11998 0 0.152969 0              9.45926 8.62392e-18 39.7623              -9.71149e-18 1.17609 -1.78041e-17
0.62 22.5633 0 -0.229558 0.996895 0 0.0787394 0 1 0 -0.0787394 0 0.996895  -0.27107 0 0.122287 0 0.151893 0              5.69689 1.99514e-16 30.1682              1.6646e-16 1.92958 1.95039e-18
0.63 22.5606 0 -0.228457 0.996773 0 0.0802761 0 1 0 -0.0802761 0 0.996773  -0.269086 0 0.107725 0 0.154125 0              11.0297 3.31112e-16 47.1668              2.74435e-16 0.576051 3.69442e-18
0.64 22.558 0 -0.227216 0.996652 0 0.0817592 0 1 0 -0.0817592 0 0.996652  -0.256178 0 0.123544 0 0.148189 0              5.64831 -3.39264e-16 31.3732              -3.06446e-16 2.36132 -1.1971e-16
0.65 22.5554 0 -0.226092 0.996528 0 0.0832585 0 1 0 -0.0832585 0 0.996528  -0.252469 0 0.113024 0 0.149549 0              6.51321 2.44413e-17 34.5164              7.64694e-18 2.05653 1.45121e-17
0.66 22.5529 0 -0.224952 0.996404 0 0.0847235 0 1 0 -0.0847235 0 0.996404  -0.246043 0 0.110732 0 0.147062 0              5.74361 9.35599e-17 34.3688              7.60354e-17 1.65284 1.2085e-17
0.67 22.5505 0 -0.223787 0.996281 0 0.0861643 0 1 0 -0.0861643 0 0.996281  -0.237021 0 0.114542 0 0.144067 0              4.09256 1.8933e-16 31.1163              1.59475e-16 1.60165 -2.93889e-17
0.68 22.5481 0 -0.22273 0.996156 0 0.0875965 0 1 0 -0.0875965 0 0.996156  -0.235084 0 0.102238 0 0.143297 0              8.22339 -4.24031e-16 43.6627              -3.75657e-16 0.838715 -5.81361e-17
0.69 22.5458 0 -0.221635 0.996033 0 0.0889795 0 1 0 -0.0889795 0 0.996033  -0.226468 0 0.107266 0 0.137548 0              6.23868 6.03676e-16 37.3704              5.14808e-16 2.26151 8.45356e-17
0.7 22.5436 0 -0.220572 0.99591 0 0.0903463 0 1 0 -0.0903463 0 0.99591  -0.218871 0 0.106681 0 0.135391 0              8.09524 4.13976e-16 44.9289              3.24415e-16 1.39246 -1.57085e-17
0.71 22.5414 0 -0.219659 0.995785 0 0.091717 0 1 0 -0.091717 0 0.995785  -0.218245 0 0.0896466 0 0.136548 0              9.44026 1.66312e-16 49.8171              1.31686e-16 0.732223 -3.14101e-17
0.72 22.5393 0 -0.218588 0.995666 0 0.0929991 0 1 0 -0.0929991 0 0.995666  -0.204597 0 0.109408 0 0.126066 0              2.39833 1.85424e-17 25.6859              -2.49902e-18 5.24871 -5.92365e-18
0.73 22.5373 0 -0.217668 0.995542 0 0.0943177 0 1 0 -0.0943177 0 0.995542  -0.201514 0 0.0926574 0 0.131042 0              0.842972 1.90086e-16 25.8571              1.50698e-16 2.77373 -9.31569e-18
0.74 22.5352 0 -0.216784 0.995421 0 0.0955916 0 1 0 -0.0955916 0 0.995421  -0.199384 0 0.0810579 0 0.129086 0              9.75971 2.60526e-16 52.7198              2.29157e-16 1.15997 1.54257e-17
0.75 22.5334 0 -0.215774 0.995304 0 0.0968016 0 1 0 -0.0968016 0 0.995304  -0.185424 0 0.100075 0 0.119904 0              3.07943 -3.45727e-16 31.3996              -2.87197e-16 4.50895 -9.55654e-18
0.76 22.5315 0 -0.214894 0.995182 0 0.0980398 0 1 0 -0.0980398 0 0.995182  -0.180695 0 0.0896522 0 0.122659 0              1.48055 1.51751e-16 30.5165              1.51984e-16 2.09263 1.00233e-16
0.77 22.5297 0 -0.214119 0.995063 0 0.0992459 0 1 0 -0.0992459 0 0.995063  -0.180794 0 0.0719332 0 0.121343 0              5.90484 1.18175e-17 43.1206              9.7149e-18 2.34198 2.68002e-17
0.78 22.528 0 -0.213145 0.994951 0 0.100361 0 1 0 -0.100361 0 0.994951  -0.165417 0 0.096158 0 0.110075 0              -15.5785 -2.646e-16 -19.9684              -2.26918e-16 4.96006 -3.7374e-17
0.79 22.5263 0 -0.212398 0.994835 0 0.101505 0 1 0 -0.101505 0 0.994835  -0.168602 0 0.0655851 0 0.115645 0              7.54346 1.11503e-16 48.1764              9.76356e-17 3.96908 1.87279e-17
0.8 22.5247 0 -0.211561 0.994719 0 0.102634 0 1 0 -0.102634 0 0.994719  -0.158095 0 0.0707454 0 0.116248 0              10.8858 -1.71524e-16 61.8641              -1.31034e-16 1.05857 1.632e-17
0.81 22.5233 0 -0.21058 0.994611 0 0.103674 0 1 0 -0.103674 0 0.994611  -0.140878 0 0.104359 0 0.101801 0              -2.39064 6.0616e-16 19.0895              5.31784e-16 5.79787 1.34642e-16
0.82 22.5218 0 -0.209899 0.994494 0 0.104792 0 1 0 -0.104792 0 0.994494  -0.145072 0 0.0700783 0 0.110481 0              2.79887 2.88571e-16 38.1738              2.53187e-16 1.53196 3.55599e-17
0.83 22.5203 0 -0.209224 0.994383 0 0.105841 0 1 0 -0.105841 0 0.994383  -0.143005 0 0.0590729 0 0.106074 0              5.24627 1.5119e-16 44.719              1.19335e-16 3.32607 1.74928e-17
0.84 22.5191 0 -0.208286 0.994285 0 0.106759 0 1 0 -0.106759 0 0.994285  -0.124694 0 0.0955477 0 0.0887505 0              -4.58472 1.87457e-16 13.3557              1.46041e-16 7.77114 -1.41424e-17
0.85 22.5177 0 -0.207772 0.994171 0 0.107817 0 1 0 -0.107817 0 0.994171  -0.132583 0 0.0473175 0 0.106519 0              7.30568 2.69636e-16 54.359              1.78152e-16 1.07983 -4.76624e-17
0.86 22.5165 0 -0.207006 0.994072 0 0.108725 0 1 0 -0.108725 0 0.994072  -0.119455 0 0.0708853 0 0.0920588 0              -11.9795 1.41464e-16 -4.1416              1.27829e-16 2.4556 5.20012e-18
0.87 22.5153 0 -0.206264 0.993979 0 0.109575 0 1 0 -0.109575 0 0.993979  -0.11388 0 0.0717889 0 0.0826848 0              14.7113 1.32273e-16 74.7195              1.0092e-16 4.93719 -5.30735e-17
0.88 22.5141 0 -0.206036 0.993867 0 0.110583 0 1 0 -0.110583 0 0.993867  -0.125546 0 0.0135785 0 0.101861 0              21.5949 2.71178e-16 99.8098              1.93269e-16 -0.408601 -1.01346e-16
0.89 22.5132 0 -0.204995 0.99379 0 0.111269 0 1 0 -0.111269 0 0.99379  -0.0847921 0 0.122059 0 0.0616885 0              -16.4248 2.78387e-16 -20.0519              2.49337e-16 10.6592 3.48427e-17
0.9 22.512 0 -0.204794 0.993682 0 0.112236 0 1 0 -0.112236 0 0.993682  -0.109531 0 0.0266699 0 0.0944781 0              2.36922 2.67615e-16 41.2234              2.2125e-16 2.65818 5.61931e-17
0.91 22.511 0 -0.204363 0.993587 0 0.11307 0 1 0 -0.11307 0 0.993587  -0.105149 0 0.0237915 0 0.089329 0              12.8054 -9.8817e-17 74.3733              -4.70444e-17 0.20029 7.16682e-17
0.92 22.5102 0 -0.203498 0.993514 0 0.113706 0 1 0 -0.113706 0 0.993514  -0.0767455 0 0.095726 0 0.0580142 0              -12.7477 4.36839e-17 -7.40994              1.29507e-17 10.4891 -2.83242e-17
0.93 22.5092 0 -0.203344 0.993412 0 0.114596 0 1 0 -0.114596 0 0.993412  -0.0963857 0 0.0150584 0 0.0883289 0              7.33988 1.81278e-16 58.5867              1.17272e-16 1.65024 -1.3693e-17
0.94 22.5083 0 -0.202816 0.993331 0 0.115294 0 1 0 -0.115294 0 0.993331  -0.0831925 0 0.0417032 0 0.0730322 0              5.46914 -2.3335e-16 52.307              -1.87059e-16 2.83339 1.92267e-17
0.95 22.5076 0 -0.202209 0.993258 0 0.115925 0 1 0 -0.115925 0 0.993258  -0.0693182 0 0.0695205 0 0.0580106 0              -8.29106 1.54315e-17 8.62657              -1.75557e-17 8.67911 -6.46274e-17
0.96 22.5068 0 -0.202032 0.993167 0 0.116705 0 1 0 -0.116705 0 0.993167  -0.0815296 0 0.013898 0 0.0784868 0              7.35866 -1.28165e-16 59.891              -8.87992e-17 1.67168 3.40379e-17
0.97 22.5061 0 -0.201522 0.993096 0 0.117308 0 1 0 -0.117308 0 0.993096  -0.0670636 0 0.0454214 0 0.06141 0              0.58823 1.58383e-16 38.4693              1.23965e-16 4.36264 6.19067e-18
0.98 22.5054 0 -0.201101 0.993025 0 0.117907 0 1 0 -0.117907 0 0.993025  -0.0618242 0 0.04788 0 0.0558548 0              -4.84749 1.86403e-16 21.2169              1.40276e-16 6.89221 1.29235e-17
0.99 22.5047 0 -0.200911 0.992947 0 0.118563 0 1 0 -0.118563 0 0.992947  -0.0679985 0 0.0136549 0 0.0661759 0              5.73274 4.74054e-16 55.7306              3.69098e-16 2.75893 -3.0486e-17
1 22.5042 0 -0.200464 0.992885 0 0.119077 0 1 0 -0.119077 0 0.992885  -0.0546337 0 0.0423573 0 0.0509408 0              -1.81182 -1.25539e-16 31.9471              -9.02488e-17 5.56301 3.73783e-17
1.01 22.5036 0 -0.200181 0.99282 0 0.119617 0 1 0 -0.119617 0 0.99282  -0.05404 0 0.0313081 0 0.0513054 0              -2.33383 3.86618e-18 30.7835              -1.93412e-17 5.39209 -6.2023e-17
1.02 22.5031 0 -0.19999 0.992756 0 0.120149 0 1 0 -0.120149 0 0.992756  -0.0555726 0 0.0138841 0 0.0535328 0              2.83498 8.03113e-18 47.5328              -3.45181e-19 3.48235 -5.08173e-17
1.03 22.5026 0 -0.199649 0.992705 0 0.120566 0 1 0 -0.120566 0 0.992705  -0.0457572 0 0.0329057 0 0.0400473 0              -2.72373 5.21463e-17 30.0774              8.97014e-17 6.35222 8.52748e-17
1.04 22.5021 0 -0.199469 0.99265 0 0.12102 0 1 0 -0.12102 0 0.99265  -0.0465493 0 0.018026 0 0.0435574 0              -2.58424 -5.51789e-17 31.2018              -5.6039e-17 4.66216 4.00739e-17
1.05 22.5016 0 -0.199308 0.992603 0 0.121409 0 1 0 -0.121409 0 0.992603  -0.0455044 0 0.010764 0 0.039017 0              0.852242 -1.25725e-16 42.4193              -1.25419e-16 3.99328 -3.71378e-17
1.06 22.5012 0 -0.199095 0.992563 0 0.121733 0 1 0 -0.121733 0 0.992563  -0.0393535 0 0.0193595 0 0.0305813 0              -1.82685 -8.67129e-16 34.0791              -7.1685e-16 4.13527 -1.32897e-17
1.07 22.5008 0 -0.199077 0.992521 0 0.122074 0 1 0 -0.122074 0 0.992521  -0.0423789 0 -0.000473401 0 0.0323239 0              2.71228 9.41337e-16 48.9434              7.70026e-16 4.57871 8.53882e-18
1.08 22.5005 0 -0.198907 0.992489 0 0.122333 0 1 0 -0.122333 0 0.992489  -0.033696 0 0.0166834 0 0.0238748 0              -2.84625 -2.55634e-16 31.8202              -2.04576e-16 4.76323 4.15864e-17
1.09 22.5001 0 -0.198925 0.992456 0 0.122603 0 1 0 -0.122603 0 0.992456  -0.0368252 0 -0.00166755 0 0.0252109 0              0.2875 -6.06411e-17 41.6741              -3.97954e-17 4.53115 3.90595e-17
1.1 22.4997 0 -0.198898 0.992429 0 0.122817 0 1 0 -0.122817 0 0.992429  -0.0334059 0 -0.000290732 0 0.020176 0              0.380281 -1.23069e-16 42.4947              -1.07327e-16 4.60308 2.10192e-17
1.11 22.4994 0 -0.198873 0.992408 0 0.122987 0 1 0 -0.122987 0 0.992408  -0.029651 0 0.00319252 0 0.0146898 0              -2.83526 2.34861e-16 32.5559              1.80641e-16 5.6078 -6.10264e-17
1.12 22.4991 0 -0.198945 0.992388 0 0.123154 0 1 0 -0.123154 0 0.992388  -0.0308938 0 -0.00863625 0 0.015257 0              -1.15664 -6.54679e-16 38.2048              -5.22751e-16 5.05621 2.29442e-17
1.13 22.4988 0 -0.198963 0.992376 0 0.123249 0 1 0 -0.123249 0 0.992376  -0.0271869 0 -0.00428489 0 0.00835191 0              -2.28241 -4.79702e-16 34.7787              -3.77652e-16 5.25191 -2.38948e-17
1.14 22.4985 0 -0.199046 0.992366 0 0.123328 0 1 0 -0.123328 0 0.992366  -0.0265981 0 -0.00997151 0 0.00637503 0              -1.12122 -6.36587e-16 38.7321              -4.8063e-16 4.78057 5.45878e-18
1.15 22.4983 0 -0.199158 0.99236 0 0.123372 0 1 0 -0.123372 0 0.99236  -0.0255812 0 -0.0135633 0 0.00312492 0              0.0350355 4.64446e-17 42.5561              4.28702e-17 4.56055 6.5029e-18
1.16 22.4981 0 -0.199263 0.992361 0 0.12337 0 1 0 -0.12337 0 0.992361  -0.0225862 0 -0.010795 0 -0.00242453 0              -2.34523 9.12649e-17 35.2019              2.34681e-17 4.81098 -4.04454e-17
1.17 22.4978 0 -0.199457 0.992363 0 0.12335 0 1 0 -0.12335 0 0.992363  -0.0236804 0 -0.0205839 0 -0.00400553 0              -0.627833 -1.18021e-16 40.8187              -1.11928e-16 4.36159 -3.01419e-17
1.18 22.4976 0 -0.199655 0.992372 0 0.123278 0 1 0 -0.123278 0 0.992372  -0.0221422 0 -0.0218597 0 -0.00902054 0              -0.881065 1.22004e-16 40.2154              1.05352e-16 4.83614 -4.75696e-17
1.19 22.4974 0 -0.199862 0.992386 0 0.123167 0 1 0 -0.123167 0 0.992386  -0.0200418 0 -0.0210426 0 -0.0136543 0              -2.27122 3.76133e-16 36.0778              3.65383e-16 5.288 1.11984e-16
1.2 22.4972 0 -0.200139 0.992402 0 0.123038 0 1 0 -0.123038 0 0.992402  -0.020837 0 -0.0289897 0 -0.0146599 0              -0.88857 -4.9742e-17 40.6241              -3.69627e-17 4.34728 -1.05626e-16
1.21 22.497 0 -0.200417 0.992424 0 0.122857 0 1 0 -0.122857 0 0.992424  -0.01941 0 -0.0294999 0 -0.0199356 0              -1.44818 7.60353e-16 38.8119              5.76571e-16 4.82986 -5.54635e-17
1.22 22.4968 0 -0.200712 0.992452 0 0.122637 0 1 0 -0.122637 0 0.992452  -0.017948 0 -0.0300744 0 -0.0244563 0              -2.64736 1.32201e-16 35.0941              9.0256e-17 5.37309 3.11224e-18
1.23 22.4966 0 -0.201067 0.992481 0 0.122395 0 1 0 -0.122395 0 0.992481  -0.0186419 0 -0.0372573 0 -0.0259429 0              -1.09651 4.28723e-16 40.1435              3.20808e-16 4.47781 -4.63524e-17
1.24 22.4964 0 -0.20143 0.992517 0 0.122104 0 1 0 -0.122104 0 0.992517  -0.0174753 0 -0.0383206 0 -0.0310027 0              -1.01163 4.70476e-17 40.6588              6.13727e-17 4.95495 7.17926e-17
1.25 22.4963 0 -0.201794 0.992558 0 0.121773 0 1 0 -0.121773 0 0.992558  -0.0154936 0 -0.036587 0 -0.0355686 0              -2.99991 -7.54981e-16 34.4081              -5.92297e-16 5.24355 6.08926e-17
1.26 22.4961 0 -0.202232 0.992601 0 0.121423 0 1 0 -0.121423 0 0.992601  -0.016923 0 -0.0452732 0 -0.0369838 0              -1.11928 -9.29992e-17 40.4407              -7.01423e-17 4.60737 3.34234e-17
1.27 22.4959 0 -0.202658 0.99265 0 0.12102 0 1 0 -0.12102 0 0.99265  -0.0153088 0 -0.0444904 0 -0.0421024 0              -1.57438 -1.43646e-16 38.9943              -1.48063e-16 4.85392 -1.67136e-17
1.28 22.4958 0 -0.203109 0.992703 0 0.120583 0 1 0 -0.120583 0 0.992703  -0.014283 0 -0.0455313 0 -0.0462542 0              -2.37731 -5.80325e-16 36.6035              -4.7018e-16 5.126 -5.8389e-18
1.29 22.4956 0 -0.203608 0.992759 0 0.120119 0 1 0 -0.120119 0 0.992759  -0.0149338 0 -0.0514275 0 -0.0484001 0              -0.979383 -3.86751e-16 41.1806              -3.23164e-16 4.61274 2.43242e-17
1.3 22.4955 0 -0.204103 0.992821 0 0.119609 0 1 0 -0.119609 0 0.992821  -0.0134862 0 -0.0506403 0 -0.0532051 0              -1.9371 -1.35413e-16 38.0258              -9.83236e-17 4.78261 2.44787e-17
1.31 22.4954 0 -0.204635 0.992887 0 0.119064 0 1 0 -0.119064 0 0.992887  -0.0132425 0 -0.0537641 0 -0.0570197 0              -2.24069 -2.31797e-16 37.0895              -2.07308e-16 4.98231 -3.36083e-17
1.32 22.4952 0 -0.205198 0.992956 0 0.118486 0 1 0 -0.118486 0 0.992956  -0.0132745 0 -0.0578411 0 -0.0599683 0              -1.37917 -4.29121e-16 39.834              -3.54778e-16 4.85231 1.24662e-17
1.33 22.4951 0 -0.205761 0.99303 0 0.117864 0 1 0 -0.117864 0 0.99303  -0.0119348 0 -0.0574177 0 -0.0644141 0              -2.20122 -3.41135e-16 37.1993              -2.73304e-16 4.92215 1.27852e-19
1.34 22.495 0 -0.206363 0.993107 0 0.117212 0 1 0 -0.117212 0 0.993107  -0.0118938 0 -0.0611915 0 -0.0674826 0              -2.11304 4.51868e-16 37.2628              3.70185e-16 4.68021 1.69927e-17
1.35 22.4949 0 -0.206999 0.993188 0 0.116523 0 1 0 -0.116523 0 0.993188  -0.0118509 0 -0.0655177 0 -0.0709322 0              -1.42295 -2.78506e-17 39.3741              -8.47064e-18 4.49088 2.76665e-17
1.36 22.4947 0 -0.207652 0.993273 0 0.115792 0 1 0 -0.115792 0 0.993273  -0.0107664 0 -0.0668495 0 -0.075522 0              -2.59726 2.43484e-17 35.5026              -8.12551e-18 4.59354 -4.77832e-17
1.37 22.4946 0 -0.208362 0.993362 0 0.115027 0 1 0 -0.115027 0 0.993362  -0.011085 0 -0.0728545 0 -0.0789511 0              -1.26894 8.06456e-17 40.104              7.16993e-17 4.76921 -2.14552e-17
1.38 22.4945 0 -0.209075 0.993455 0 0.114223 0 1 0 -0.114223 0 0.993455  -0.00978925 0 -0.073101 0 -0.0827125 0              -1.98119 -3.95334e-16 37.6947              -3.26345e-16 4.77625 1.75898e-17
1.39 22.4944 0 -0.209823 0.993551 0 0.113384 0 1 0 -0.113384 0 0.993551  -0.00921049 0 -0.0756905 0 -0.0862638 0              -2.05237 -1.07674e-16 37.419              -1.00838e-16 4.84031 -1.71669e-17
1.4 22.4943 0 -0.210597 0.99365 0 0.112513 0 1 0 -0.112513 0 0.99365  -0.00885873 0 -0.0790124 0 -0.0892635 0              -1.50589 3.88226e-16 38.9285              3.26159e-16 4.61479 1.93144e-17
1.41 22.4943 0 -0.211396 0.993752 0 0.111607 0 1 0 -0.111607 0 0.993752  -0.00805154 0 -0.0813699 0 -0.0928474 0              -1.35866 -1.86121e-17 40.0022              -1.94077e-17 4.58049 -4.67589e-17
1.42 22.4942 0 -0.212206 0.993858 0 0.110662 0 1 0 -0.110662 0 0.993858  -0.00707954 0 -0.0816012 0 -0.0969541 0              -2.31795 5.51567e-17 36.4734              4.20519e-17 4.8804 -7.83826e-18
1.43 22.4941 0 -0.213054 0.993966 0 0.109691 0 1 0 -0.109691 0 0.993966  -0.0070203 0 -0.085917 0 -0.0994085 0              -1.80917 -9.3859e-17 37.1441              -6.84826e-17 4.42984 -9.97488e-18
1.44 22.494 0 -0.213953 0.994076 0 0.108691 0 1 0 -0.108691 0 0.994076  -0.00695071 0 -0.0923052 0 -0.101892 0              -0.67807 4.64786e-16 41.5429              3.78593e-16 4.23563 1.57392e-17
1.45 22.494 0 -0.214838 0.99419 0 0.107643 0 1 0 -0.107643 0 0.99419  -0.00450334 0 -0.0895962 0 -0.107287 0              -2.88383 -9.88235e-17 33.8169              -5.67701e-17 4.90461 5.72889e-17
1.46 22.4939 0 -0.215805 0.994304 0 0.10658 0 1 0 -0.10658 0 0.994304  -0.00533412 0 -0.0982016 0 -0.1086 0              -1.2514 5.17337e-16 39.2867              4.51638e-16 4.56453 -3.91897e-18
1.47 22.4939 0 -0.216777 0.994422 0 0.105479 0 1 0 -0.105479 0 0.994422  -0.00405208 0 -0.0998053 0 -0.111901 0              -0.745802 3.34472e-16 41.1406              2.68791e-16 4.46468 1.23651e-17
1.48 22.4939 0 -0.217754 0.994541 0 0.104343 0 1 0 -0.104343 0 0.994541  -0.00194035 0 -0.0980682 0 -0.116025 0              -2.48895 2.08356e-16 35.1335              2.06537e-16 4.9762 3.09653e-17
1.49 22.4938 0 -0.21879 0.994662 0 0.103191 0 1 0 -0.103191 0 0.994662  -0.00232115 0 -0.104636 0 -0.117284 0              -1.23725 -3.59445e-16 39.3583              -2.55109e-16 4.51159 4.04951e-17
1.5 22.4938 0 -0.219836 0.994784 0 0.102005 0 1 0 -0.102005 0 0.994784  -0.00137207 0 -0.106617 0 -0.120249 0              -0.529772 -7.76827e-17 41.4066              -5.03554e-17 4.51092 1.95029e-17
1.51 22.4938 0 -0.220883 0.994908 0 0.100789 0 1 0 -0.100789 0 0.994908  0.000834351 0 -0.105 0 -0.123897 0              -2.13208 -2.12659e-16 36.4149              -2.08066e-16 4.87675 -5.28363e-17
1.52 22.4938 0 -0.221975 0.995032 0 0.0995577 0 1 0 -0.0995577 0 0.995032  0.000865193 0 -0.109764 0 -0.125055 0              -1.76507 -3.14775e-17 36.8275              -1.26268e-17 4.43196 3.96471e-17
1.53 22.4938 0 -0.223099 0.995157 0 0.098299 0 1 0 -0.098299 0 0.995157  0.00146967 0 -0.114543 0 -0.12738 0              -0.511639 -2.8866e-16 41.0554              -2.32176e-16 4.36915 -2.19341e-17
1.54 22.4939 0 -0.224211 0.995284 0 0.0970064 0 1 0 -0.0970064 0 0.995284  0.00409833 0 -0.112254 0 -0.131271 0              -1.8554 1.66713e-16 36.8767              1.66808e-16 4.92623 5.99257e-17
1.55 22.4939 0 -0.225361 0.99541 0 0.0957023 0 1 0 -0.0957023 0 0.99541  0.00478717 0 -0.115491 0 -0.13226 0              -2.16874 -1.55271e-16 35.7044              -1.3414e-16 4.3919 -1.27527e-17
1.56 22.494 0 -0.226557 0.995537 0 0.0943762 0 1 0 -0.0943762 0 0.995537  0.00450492 0 -0.121802 0 -0.133898 0              -0.50801 4.26449e-17 41.267              1.773e-17 4.02492 -3.75338e-17
1.57 22.494 0 -0.227737 0.995665 0 0.0930118 0 1 0 -0.0930118 0 0.995665  0.00678825 0 -0.119337 0 -0.138323 0              -1.72898 2.21935e-16 37.1871              1.71178e-16 4.95809 1.03018e-17
1.58 22.4941 0 -0.228944 0.995793 0 0.091636 0 1 0 -0.091636 0 0.995793  0.00780523 0 -0.120991 0 -0.139498 0              -2.28325 9.289e-17 34.5468              1.08564e-16 4.62969 4.53775e-17
1.59 22.4942 0 -0.230211 0.995919 0 0.090248 0 1 0 -0.090248 0 0.995919  0.00727268 0 -0.129048 0 -0.139801 0              0.21269 8.86739e-17 43.7013              5.51936e-17 4.00951 -4.97735e-17
1.6 22.4943 0 -0.231432 0.996048 0 0.08882 0 1 0 -0.08882 0 0.996048  0.0103468 0 -0.122988 0 -0.144405 0              -1.88685 -3.2482e-16 35.9744              -2.5088e-16 4.49367 3.38215e-17
1.61 22.4944 0 -0.232725 0.996174 0 0.087393 0 1 0 -0.087393 0 0.996174  0.0101994 0 -0.129477 0 -0.14447 0              -0.922651 1.7518e-16 39.4602              1.40581e-16 4.24529 -2.85661e-17
1.62 22.4945 0 -0.234025 0.9963 0 0.0859431 0 1 0 -0.0859431 0 0.9963  0.0108391 0 -0.131646 0 -0.146194 0              -0.211453 -7.59423e-16 42.3896              -6.39974e-16 3.98212 4.76456e-17
1.63 22.4946 0 -0.235328 0.996426 0 0.0844704 0 1 0 -0.0844704 0 0.996426  0.0121448 0 -0.130296 0 -0.148987 0              -1.88634 -3.94273e-16 35.3271              -3.41332e-16 4.51353 6.1558e-18
1.64 22.4947 0 -0.236671 0.996551 0 0.082988 0 1 0 -0.082988 0 0.996551  0.0126106 0 -0.134983 0 -0.149732 0              -1.42194 3.97287e-17 37.3509              4.79628e-17 4.15405 6.32847e-17
1.65 22.4948 0 -0.238045 0.996674 0 0.0814905 0 1 0 -0.0814905 0 0.996674  0.0126901 0 -0.139539 0 -0.150681 0              -0.260887 1.08002e-16 41.3147              1.05873e-16 3.80181 6.86067e-17
1.66 22.495 0 -0.239412 0.996798 0 0.0799671 0 1 0 -0.0799671 0 0.996798  0.0146364 0 -0.137601 0 -0.153748 0              -1.67678 -6.16012e-16 37.0436              -5.48038e-16 4.50712 -2.67298e-17
1.67 22.4951 0 -0.2408 0.996919 0 0.0784361 0 1 0 -0.0784361 0 0.996919  0.0151072 0 -0.139072 0 -0.154504 0              -2.02251 2.70503e-16 36.2326              2.26851e-16 4.19389 2.04348e-17
1.68 22.4953 0 -0.242233 0.997039 0 0.0769003 0 1 0 -0.0769003 0 0.997039  0.013899 0 -0.145149 0 -0.154244 0              0.173776 -4.88324e-16 42.797              -4.17705e-16 3.57743 5.79392e-18
1.69 22.4954 0 -0.243641 0.997158 0 0.075336 0 1 0 -0.075336 0 0.997158  0.0159286 0 -0.141469 0 -0.157596 0              -1.73003 -4.42928e-16 36.7438              -3.59123e-16 4.33283 5.9208e-17
1.7 22.4956 0 -0.245077 0.997275 0 0.0737689 0 1 0 -0.0737689 0 0.997275  0.0161069 0 -0.143397 0 -0.158062 0              -3.16838 -2.00068e-16 30.8243              -1.64577e-16 4.53027 -2.24202e-17
1.71 22.4957 0 -0.24654 0.997391 0 0.0721942 0 1 0 -0.0721942 0 0.997391  0.0151289 0 -0.148854 0 -0.157721 0              -0.396296 -4.22983e-16 40.2388              -3.51514e-16 3.6087 2.5477e-17
1.72 22.4959 0 -0.248016 0.997504 0 0.0706033 0 1 0 -0.0706033 0 0.997504  0.0156412 0 -0.150288 0 -0.159458 0              0.369651 -5.87815e-16 44.0998              -5.01469e-16 3.7453 9.40427e-18
1.73 22.4961 0 -0.249464 0.997617 0 0.0689934 0 1 0 -0.0689934 0 0.997617  0.0173627 0 -0.14402 0 -0.162414 0              -2.4471 1.33472e-16 34.455              9.64269e-17 4.34331 -1.51075e-17
1.74 22.4962 0 -0.250986 0.997726 0 0.067396 0 1 0 -0.067396 0 0.997726  0.0149799 0 -0.15222 0 -0.160605 0              0.52048 -2.01574e-16 44.7072              -1.68982e-16 3.44211 -8.69051e-17
1.75 22.4964 0 -0.252496 0.997834 0 0.0657848 0 1 0 -0.0657848 0 0.997834  0.0149785 0 -0.152022 0 -0.161616 0              -0.0891177 -1.04188e-16 41.3049              -7.93036e-17 3.59975 2.92667e-17
1.76 22.4965 0 -0.253977 0.99794 0 0.0641531 0 1 0 -0.0641531 0 0.99794  0.016676 0 -0.146537 0 -0.164546 0              -3.23498 -1.84284e-16 30.3184              -1.82391e-16 4.4832 -7.83632e-17
1.77 22.4967 0 -0.255547 0.998042 0 0.0625427 0 1 0 -0.0625427 0 0.998042  0.0134484 0 -0.158457 0 -0.161319 0              -0.442531 6.68584e-16 40.3517              5.39216e-16 2.981 3.4253e-18
1.78 22.4968 0 -0.257108 0.998143 0 0.0609076 0 1 0 -0.0609076 0 0.998143  0.0133084 0 -0.159277 0 -0.16344 0              0.237668 -3.7265e-16 43.3172              -2.94162e-16 3.12037 4.99415e-17
1.79 22.4969 0 -0.258642 0.998243 0 0.0592511 0 1 0 -0.0592511 0 0.998243  0.0147363 0 -0.152695 0 -0.167063 0              -2.6245 1.06541e-16 33.9871              7.98277e-17 4.45896 -5.31754e-17
1.8 22.4971 0 -0.260244 0.998339 0 0.0576212 0 1 0 -0.0576212 0 0.998339  0.0117416 0 -0.160402 0 -0.163528 0              0.0608689 1.55936e-16 42.3753              1.47019e-16 3.38502 5.16353e-17
1.81 22.4972 0 -0.261838 0.998432 0 0.0559799 0 1 0 -0.0559799 0 0.998432  0.0108419 0 -0.160881 0 -0.163911 0              0.877939 4.5649e-16 45.5622              3.65166e-16 3.01851 -2.6396e-17
1.82 22.4973 0 -0.263395 0.998523 0 0.0543217 0 1 0 -0.0543217 0 0.998523  0.01182 0 -0.153811 0 -0.166891 0              -3.0504 1.47626e-17 32.5551              1.36106e-17 4.13889 9.41285e-18
1.83 22.4974 0 -0.265018 0.998611 0 0.0526869 0 1 0 -0.0526869 0 0.998611  0.00834548 0 -0.162105 0 -0.163914 0              -0.0919192 7.15691e-17 42.6398              7.08204e-17 3.04438 4.10058e-17
1.84 22.4975 0 -0.266637 0.998696 0 0.0510491 0 1 0 -0.0510491 0 0.998696  0.00658853 0 -0.163542 0 -0.163461 0              0.805944 2.26158e-16 45.6865              2.11529e-16 2.96863 3.49388e-17
1.85 22.4975 0 -0.268196 0.99878 0 0.0493883 0 1 0 -0.0493883 0 0.99878  0.00796083 0 -0.153914 0 -0.167071 0              -3.34704 -2.36209e-16 29.5532              -1.8685e-16 4.37121 3.07013e-17
1.86 22.4976 0 -0.269864 0.998859 0 0.0477622 0 1 0 -0.0477622 0 0.998859  0.0033857 0 -0.167243 0 -0.162689 0              -0.0232588 1.98375e-16 42.9559              1.62438e-16 3.15475 1.69453e-18
1.87 22.4976 0 -0.271479 0.998936 0 0.0461216 0 1 0 -0.0461216 0 0.998936  0.00278607 0 -0.163767 0 -0.163355 0              -2.16837 3.49764e-17 34.8961              2.72243e-17 3.69218 -3.50096e-18
1.88 22.4977 0 -0.273022 0.999011 0 0.0444667 0 1 0 -0.0444667 0 0.999011  0.00329562 0 -0.153161 0 -0.165747 0              -2.81994 1.46483e-17 34.0217              6.72877e-17 3.97191 9.82139e-17
1.89 22.4976 0 -0.274717 0.999081 0 0.0428724 0 1 0 -0.0428724 0 0.999081  -0.00356866 0 -0.171655 0 -0.158385 0              1.90861 1.52016e-16 49.6097              1.5234e-16 1.97315 7.2965e-17
1.9 22.4976 0 -0.276255 0.99915 0 0.0412265 0 1 0 -0.0412265 0 0.99915  -0.000257057 0 -0.153681 0 -0.164493 0              -2.2112 1.08465e-16 33.656              1.15049e-16 3.5983 4.35685e-17
1.91 22.4976 0 -0.277901 0.999215 0 0.0396154 0 1 0 -0.0396154 0 0.999215  -0.00406396 0 -0.162833 0 -0.161888 0              -0.587928 1.03637e-16 42.6031              6.40502e-17 3.69813 -6.05507e-17
1.92 22.4975 0 -0.27954 0.999277 0 0.038021 0 1 0 -0.038021 0 0.999277  -0.00751166 0 -0.165198 0 -0.158677 0              1.83085 -1.37156e-16 48.9985              -1.13391e-16 1.90447 1.13515e-17
1.93 22.4975 0 -0.281153 0.999337 0 0.0364132 0 1 0 -0.0364132 0 0.999337  -0.00715196 0 -0.159386 0 -0.161074 0              -2.39059 2.0894e-17 34.0495              3.14717e-17 3.61999 3.13904e-17
1.94 22.4974 0 -0.282784 0.999394 0 0.03482 0 1 0 -0.03482 0 0.999394  -0.00966122 0 -0.161514 0 -0.159819 0              -2.90935 8.77105e-17 31.9512              7.93162e-17 3.55712 1.95811e-17
1.95 22.4973 0 -0.28449 0.999447 0 0.0332547 0 1 0 -0.0332547 0 0.999447  -0.0147539 0 -0.173855 0 -0.155245 0              2.03787 -1.07753e-16 50.5908              -6.77542e-17 1.33594 8.90553e-17
1.96 22.4971 0 -0.28613 0.999498 0 0.0316679 0 1 0 -0.0316679 0 0.999498  -0.0140815 0 -0.164661 0 -0.158458 0              -1.49581 -6.69926e-17 39.0621              -4.32929e-17 3.33939 3.43446e-17
1.97 22.497 0 -0.287753 0.999547 0 0.0300923 0 1 0 -0.0300923 0 0.999547  -0.0151605 0 -0.15903 0 -0.158501 0              -4.02884 -4.91493e-18 28.9472              -1.42257e-17 4.29697 -1.73206e-17
1.98 22.4968 0 -0.289483 0.999592 0 0.0285679 0 1 0 -0.0285679 0 0.999592  -0.0222217 0 -0.174971 0 -0.150988 0              1.54546 -6.80866e-17 48.8222              -3.64099e-17 1.87251 7.31331e-17
1.99 22.4966 0 -0.291095 0.999635 0 0.0270124 0 1 0 -0.0270124 0 0.999635  -0.0206291 0 -0.162234 0 -0.154501 0              -1.84219 -7.9417e-17 37.3458              -7.43383e-17 3.4909 -4.99965e-17
2 22.4964 0 -0.292712 0.999675 0 0.0254776 0 1 0 -0.0254776 0 0.999675  -0.0223877 0 -0.158774 0 -0.153838 0              -3.4477 6.27758e-17 30.2065              2.97278e-17 4.06746 -6.83124e-17
