*************************Generated by extractLog.sh*************************
*      Tue Nov 12 15:35:54 MST 2024. Case: 3D_RM6_noPTO_4CPH/
* Note: Data was extracted from log.overInterDyMFoam using extractLog.sh
*       Can be visualized with plotMotion.py and/or plotForces.py
****************************************************************************
Time X(x3) Orientation(x9) dX(x3) dX_angular(x3) Force(x3) Moment(x3)
0.01 22.9328 0 -0.285989 1 0 3.80253e-05 0 1 0 -3.80253e-05 0 1  -0.000185141 0 0.00226113 0 0.00760505 0              -91.1997 0.00843969 6139.48              0.0174943 480.947 0.0224319
0.02 22.9328 0 -0.285963 1 0 0.000132743 0 1 0 -0.000132743 0 1  -0.00268902 0 0.00451569 0 0.0157654 0              -59.237 0.136622 5953.34              0.0733465 -3.33477 0.116486
0.03 22.9327 0 -0.285922 1 0 0.000260915 0 1 0 -0.000260915 0 1  -0.00423711 0 0.00525299 0 0.0159884 0              -3.74828 0.125055 5944.34              0.083203 136.271 0.0978699
0.04 22.9327 0 -0.285867 1 0 0.000432049 0 1 0 -0.000432049 0 1  -0.00467574 0 0.00606364 0 0.0184166 0              -36.4069 0.0716709 6020.05              0.0614365 380.005 0.0920064
0.05 22.9327 0 -0.285792 1 0 0.000659879 0 1 0 -0.000659879 0 1  -0.00546958 0 0.00813709 0 0.0247427 0              -81.4712 0.107838 5986.73              0.0684103 266.618 0.096826
0.06 22.9326 0 -0.285705 1 0 0.000927188 0 1 0 -0.000927188 0 1  -0.00708467 0 0.00952385 0 0.029249 0              -49.2608 0.14049 5998.56              0.0786489 215.351 0.117576
0.07 22.9325 0 -0.2856 0.999999 0 0.00123442 0 1 0 -0.00123442 0 0.999999  -0.0081362 0 0.0113591 0 0.0328865 0              -37.4199 0.136388 5965.28              0.0714662 259.04 0.108003
0.08 22.9324 0 -0.285485 0.999999 0 0.00158696 0 1 0 -0.00158696 0 0.999999  -0.00912791 0 0.0122372 0 0.0373073 0              -45.4558 0.1274 6007.79              0.0633239 260.482 0.103502
0.09 22.9323 0 -0.28535 0.999998 0 0.001982 0 1 0 -0.001982 0 0.999998  -0.0101073 0 0.0142098 0 0.0416603 0              -54.9177 0.135092 5980.62              0.0667204 246.978 0.108363
0.1 22.9322 0 -0.285203 0.999997 0 0.00241902 0 1 0 -0.00241902 0 0.999997  -0.0113528 0 0.0154004 0 0.0458427 0              -42.4946 0.141828 5980.67              0.0664802 244.612 0.11561
0.11 22.9321 0 -0.285043 0.999996 0 0.0028979 0 1 0 -0.0028979 0 0.999996  -0.0123812 0 0.0167277 0 0.0499816 0              -39.9093 0.196322 6023.3              0.0737572 250.937 0.112102
0.12 22.932 0 -0.284862 0.999994 0 0.00341872 0 1 0 -0.00341872 0 0.999994  -0.0132893 0 0.0189237 0 0.0541647 0              -55.0642 0.165302 5963.32              0.0783832 249.688 0.123755
0.13 22.9318 0 -0.284673 0.999992 0 0.00398181 0 1 0 -0.00398181 0 0.999992  -0.0146132 0 0.0196158 0 0.0584079 0              -34.3956 0.150144 6016.48              0.0799051 240.187 0.122518
0.14 22.9317 0 -0.284463 0.999989 0 0.004585 0 1 0 -0.004585 0 0.999989  -0.0154245 0 0.021766 0 0.0623822 0              -42.5684 0.186838 5985.39              0.0742807 244.585 0.129169
0.15 22.9315 0 -0.284241 0.999986 0 0.00522954 0 1 0 -0.00522954 0 0.999986  -0.0165009 0 0.0229547 0 0.0664842 0              -43.3628 0.174405 5996.95              0.0825685 245.422 0.14007
0.16 22.9314 0 -0.284003 0.999983 0 0.00591459 0 1 0 -0.00591459 0 0.999983  -0.0175122 0 0.0245614 0 0.0705398 0              -39.6643 0.187059 5995.32              0.0801525 238.044 0.127035
0.17 22.9312 0 -0.28375 0.999978 0 0.00663921 0 1 0 -0.00663921 0 0.999978  -0.0184755 0 0.0261286 0 0.0744697 0              -41.3242 0.179978 5985.41              0.0832734 239.014 0.138443
0.18 22.931 0 -0.283482 0.999973 0 0.00740348 0 1 0 -0.00740348 0 0.999973  -0.0194814 0 0.0274801 0 0.0784041 0              -24.6178 0.175174 6045.56              0.0849196 232.908 0.143487
0.19 22.9308 0 -0.283201 0.999966 0 0.00820652 0 1 0 -0.00820652 0 0.999966  -0.0204036 0 0.0289184 0 0.0822563 0              -40.109 -0.0512739 5977.78              0.15206 236.948 0.164209
0.2 22.9306 0 -0.2829 0.999959 0 0.00904779 0 1 0 -0.00904779 0 0.999959  -0.0212062 0 0.0308929 0 0.0860508 0              -53.5764 0.647484 5941.36              0.00652274 236.463 0.170476
0.21 22.9304 0 -0.282592 0.999951 0 0.00992759 0 1 0 -0.00992759 0 0.999951  -0.0224192 0 0.0315408 0 0.0898987 0              -30.7469 0.210226 6008.14              0.0802008 224.288 0.170416
0.22 22.9301 0 -0.282262 0.999941 0 0.0108434 0 1 0 -0.0108434 0 0.999941  -0.0231317 0 0.0336679 0 0.0934507 0              -41.3493 0.268754 5962.78              0.0844908 221.315 0.152774
0.23 22.9299 0 -0.281924 0.99993 0 0.0117954 0 1 0 -0.0117954 0 0.99993  -0.024193 0 0.034502 0 0.0970096 0              -32.8852 0.205336 5990.01              0.072703 226.461 0.145848
0.24 22.9297 0 -0.281569 0.999918 0 0.0127832 0 1 0 -0.0127832 0 0.999918  -0.0249999 0 0.0361302 0 0.100574 0              -38.9671 -0.411795 5967.2              0.358096 220.708 0.171768
0.25 22.9294 0 -0.281203 0.999905 0 0.0138059 0 1 0 -0.0138059 0 0.999905  -0.0259346 0 0.0373335 0 0.104043 0              -37.9336 0.29814 5980.79              0.00716971 221.621 0.0991072
0.26 22.9291 0 -0.280822 0.99989 0 0.0148633 0 1 0 -0.0148633 0 0.99989  -0.0268409 0 0.0387584 0 0.107487 0              -36.523 0.708037 5970.66              -0.268636 213.189 0.0684563
0.27 22.9289 0 -0.280428 0.999873 0 0.0159539 0 1 0 -0.0159539 0 0.999873  -0.0277353 0 0.0400131 0 0.11077 0              -34.1127 0.264901 5971.83              0.0683293 212.92 0.127084
0.28 22.9286 0 -0.280022 0.999854 0 0.0170776 0 1 0 -0.0170776 0 0.999854  -0.0286065 0 0.0412453 0 0.114038 0              -37.5163 0.146809 5979.64              0.0822495 212.932 0.137937
0.29 22.9283 0 -0.279601 0.999834 0 0.0182336 0 1 0 -0.0182336 0 0.999834  -0.0294779 0 0.0427768 0 0.117254 0              -37.229 0.116077 5959.99              0.0838959 206.351 0.127435
0.3 22.928 0 -0.27917 0.999811 0 0.0194213 0 1 0 -0.0194213 0 0.999811  -0.0304353 0 0.0437411 0 0.12038 0              -30.0603 0.127278 5992.81              0.101594 205.68 0.152863
0.31 22.9277 0 -0.278721 0.999787 0 0.0206397 0 1 0 -0.0206397 0 0.999787  -0.0311902 0 0.0454885 0 0.12342 0              -39.3362 -0.533829 5959.71              0.288671 203.355 0.19589
0.32 22.9274 0 -0.278264 0.99976 0 0.0218885 0 1 0 -0.0218885 0 0.99976  -0.0321969 0 0.046345 0 0.126433 0              -28.0275 0.627894 5987.02              -0.0328465 198.421 0.0543519
0.33 22.927 0 -0.277791 0.999732 0 0.0231663 0 1 0 -0.0231663 0 0.999732  -0.0329372 0 0.0479189 0 0.129293 0              -35.2506 0.12696 5983.51              0.135591 201.426 0.147858
0.34 22.9267 0 -0.277305 0.9997 0 0.0244733 0 1 0 -0.0244733 0 0.9997  -0.0338224 0 0.0493639 0 0.132185 0              -35.7235 0.142856 5953.99              0.12468 195.97 0.200386
0.35 22.9264 0 -0.276809 0.999667 0 0.0258085 0 1 0 -0.0258085 0 0.999667  -0.0347798 0 0.0501686 0 0.134991 0              -23.3868 0.142758 5978.1              0.0951039 183.283 0.14874
0.36 22.926 0 -0.276299 0.999631 0 0.0271696 0 1 0 -0.0271696 0 0.999631  -0.0354623 0 0.0515904 0 0.137513 0              -28.8108 0.160583 5961.25              0.118548 190.357 0.182548
0.37 22.9257 0 -0.275779 0.999592 0 0.0285574 0 1 0 -0.0285574 0 0.999592  -0.0362735 0 0.0525897 0 0.140132 0              -29.4817 0.123789 5955.38              0.116739 186.031 0.163972
0.38 22.9253 0 -0.275249 0.999551 0 0.0299704 0 1 0 -0.0299704 0 0.999551  -0.0370953 0 0.0534971 0 0.14265 0              -8.65484 -0.981457 6008.28              0.30251 193.287 0.0480724
0.39 22.9249 0 -0.274701 0.999507 0 0.0314089 0 1 0 -0.0314089 0 0.999507  -0.0374864 0 0.0555373 0 0.145184 0              -44.1954 -0.651306 5941.26              0.236198 184.392 0.106363
0.4 22.9245 0 -0.274148 0.99946 0 0.0328719 0 1 0 -0.0328719 0 0.99946  -0.0386191 0 0.0559485 0 0.147635 0              -19.406 -0.655659 5986.07              0.233486 175.9 0.0997442
0.41 22.9241 0 -0.273577 0.99941 0 0.0343575 0 1 0 -0.0343575 0 0.99941  -0.0391942 0 0.0576384 0 0.149827 0              -30.8785 -0.770243 5950.01              0.329023 183.272 0.169291
0.42 22.9237 0 -0.272994 0.999357 0 0.0358663 0 1 0 -0.0358663 0 0.999357  -0.039907 0 0.058934 0 0.152101 0              -36.3152 -0.403635 5922.28              0.222717 173.334 0.135593
0.43 22.9233 0 -0.272407 0.999301 0 0.0373965 0 1 0 -0.0373965 0 0.999301  -0.0408837 0 0.059187 0 0.154241 0              -10.3063 -0.535657 6014.87              0.169459 171.886 0.114869
0.44 22.9229 0 -0.271796 0.999241 0 0.0389467 0 1 0 -0.0389467 0 0.999241  -0.0412041 0 0.0616099 0 0.156176 0              -38.9009 0.0146127 5924.24              0.132013 175.075 0.322523
0.45 22.9225 0 -0.271186 0.999179 0 0.0405179 0 1 0 -0.0405179 0 0.999179  -0.0422579 0 0.0616937 0 0.158264 0              -18.9715 0.0417461 5978.57              0.103097 159.829 0.114578
0.46 22.9221 0 -0.27056 0.999113 0 0.042107 0 1 0 -0.042107 0 0.999113  -0.0428821 0 0.0630621 0 0.160013 0              -21.8522 0.120634 6009.18              0.131928 134.972 0.244448
0.47 22.9217 0 -0.269921 0.999044 0 0.0437107 0 1 0 -0.0437107 0 0.999044  -0.0436515 0 0.0645106 0 0.161332 0              -24.7668 0.610083 5901.68              -0.0230383 175.607 0.197557
0.48 22.9212 0 -0.269282 0.998972 0 0.0453342 0 1 0 -0.0453342 0 0.998972  -0.0444728 0 0.0643726 0 0.163335 0              -9.01073 0.20353 6012.64              0.0929545 160.527 0.206959
0.49 22.9208 0 -0.268619 0.998896 0 0.0469725 0 1 0 -0.0469725 0 0.998896  -0.044757 0 0.0668307 0 0.164877 0              -50.0708 -0.347129 5915.58              0.309393 147.723 0.306449
0.5 22.9203 0 -0.267957 0.998817 0 0.0486263 0 1 0 -0.0486263 0 0.998817  -0.0460107 0 0.0667676 0 0.166352 0              -23.2955 -0.0464917 5965.64              0.156806 113.049 0.247241
0.51 22.9199 0 -0.267281 0.998735 0 0.0502892 0 1 0 -0.0502892 0 0.998735  -0.0466963 0 0.0679854 0 0.167113 0              -6.43612 -0.180799 5958.06              0.194685 167.529 0.282678
0.52 22.9194 0 -0.266596 0.998649 0 0.0519685 0 1 0 -0.0519685 0 0.998649  -0.0471394 0 0.0689586 0 0.168748 0              -33.1036 0.189005 5812.16              0.101827 117.835 0.323898
0.53 22.9189 0 -0.265925 0.998559 0 0.0536565 0 1 0 -0.0536565 0 0.998559  -0.0482192 0 0.0671457 0 0.16965 0              13.7354 0.0546859 6077.93              0.130236 131.387 0.284374
0.54 22.9184 0 -0.265217 0.998467 0 0.0553528 0 1 0 -0.0553528 0 0.998467  -0.0479212 0 0.0712156 0 0.170342 0              -64.8643 -2.00995 5806.5              0.874559 133.532 -0.572911
0.55 22.9179 0 -0.264533 0.998371 0 0.0570604 0 1 0 -0.0570604 0 0.998371  -0.0496551 0 0.0687574 0 0.171493 0              14.8274 -0.257515 5993.46              0.105304 134.095 0.1586
0.56 22.9174 0 -0.263823 0.998271 0 0.0587753 0 1 0 -0.0587753 0 0.998271  -0.0495039 0 0.0711077 0 0.172242 0              -15.7257 -0.0323816 5926.91              0.0870034 131.4 0.21771
0.57 22.9169 0 -0.263114 0.998168 0 0.0604986 0 1 0 -0.0604986 0 0.998168  -0.0501568 0 0.0714044 0 0.173058 0              -37.6328 1.62731 5888.25              -0.510971 111.869 0.907719
0.58 22.9164 0 -0.262402 0.998062 0 0.062227 0 1 0 -0.062227 0 0.998062  -0.0510872 0 0.0713688 0 0.173502 0              9.59143 0.331002 5995.05              0.0804753 142.62 0.347656
0.59 22.9159 0 -0.261672 0.997952 0 0.0639633 0 1 0 -0.0639633 0 0.997952  -0.051129 0 0.0733652 0 0.174289 0              -28.9479 -1.41868 5854.41              0.810304 123.087 0.506522
0.6 22.9154 0 -0.260954 0.997839 0 0.0657053 0 1 0 -0.0657053 0 0.997839  -0.0521497 0 0.0721107 0 0.17491 0              11.964 -0.0605957 6086.12              0.159918 136.713 0.298448
0.61 22.9149 0 -0.260201 0.997722 0 0.0674524 0 1 0 -0.0674524 0 0.997722  -0.0520322 0 0.0757995 0 0.175393 0              -40.6754 -0.450953 5968.97              0.279965 142.407 0.252569
0.62 22.9144 0 -0.259448 0.997602 0 0.0692071 0 1 0 -0.0692071 0 0.997602  -0.0531984 0 0.0762001 0 0.176195 0              -13.3363 -0.114787 5853.07              0.130111 124.878 0.294345
0.63 22.9138 0 -0.258698 0.997479 0 0.0709668 0 1 0 -0.0709668 0 0.997479  -0.0539684 0 0.0751734 0 0.176724 0              37.8859 0.972368 6068.53              -0.489288 105.816 -0.00411133
0.64 22.9133 0 -0.257919 0.997352 0 0.072726 0 1 0 -0.072726 0 0.997352  -0.0534931 0 0.0783498 0 0.176516 0              -34.4583 1.30864 5847.16              -0.196387 145.265 0.483564
0.65 22.9127 0 -0.257155 0.997222 0 0.0744928 0 1 0 -0.0744928 0 0.997222  -0.0546716 0 0.0768157 0 0.177301 0              -2.18919 0.141744 5959.27              0.0447331 112.142 0.317735
0.66 22.9122 0 -0.256374 0.997088 0 0.0762583 0 1 0 -0.0762583 0 0.997088  -0.0548856 0 0.0782302 0 0.177216 0              -6.83857 0.83952 5801.76              -0.198122 84.8026 0.348879
0.67 22.9116 0 -0.255608 0.996952 0 0.0780219 0 1 0 -0.0780219 0 0.996952  -0.055473 0 0.0766064 0 0.176837 0              5.75152 0.316429 6072.27              0.0217625 141.395 0.324078
0.68 22.9111 0 -0.254803 0.996812 0 0.0797858 0 1 0 -0.0797858 0 0.996812  -0.0551183 0 0.0808636 0 0.176879 0              -51.7033 1.18439 5810.09              -0.134926 138.004 0.494096
0.69 22.9105 0 -0.254026 0.996669 0 0.0815535 0 1 0 -0.0815535 0 0.996669  -0.0567758 0 0.0781723 0 0.177452 0              25.5882 -0.375122 5964.92              0.399892 85.8564 0.446115
0.7 22.91 0 -0.253223 0.996523 0 0.0833139 0 1 0 -0.0833139 0 0.996523  -0.0563896 0 0.0802828 0 0.176614 0              -0.504149 0.103819 5895.92              0.148515 106.778 0.353181
0.71 22.9094 0 -0.252426 0.996375 0 0.0850729 0 1 0 -0.0850729 0 0.996375  -0.0568296 0 0.0800612 0 0.176307 0              -22.3743 1.27148 5841.01              -0.193405 103.776 0.387864
0.72 22.9088 0 -0.251633 0.996223 0 0.0868274 0 1 0 -0.0868274 0 0.996223  -0.0575697 0 0.0790964 0 0.175914 0              21.0174 0.427382 6026.26              0.0305296 108.39 0.386337
0.73 22.9083 0 -0.250817 0.996069 0 0.0885758 0 1 0 -0.0885758 0 0.996069  -0.0572698 0 0.0819793 0 0.17528 0              -35.4149 0.2808 5811.42              0.0419678 105.508 0.269157
0.74 22.9077 0 -0.250019 0.995913 0 0.0903205 0 1 0 -0.0903205 0 0.995913  -0.0584419 0 0.0799497 0 0.174925 0              17.4955 0.0134361 5808.06              0.105954 75.2886 0.205694
0.75 22.9071 0 -0.249226 0.995754 0 0.0920551 0 1 0 -0.0920551 0 0.995754  -0.0584865 0 0.0788844 0 0.173857 0              30.2413 -0.353526 5975.6              0.242175 87.3094 0.269656
0.76 22.9065 0 -0.248414 0.995593 0 0.0937795 0 1 0 -0.0937795 0 0.995593  -0.0579548 0 0.0812332 0 0.172693 0              -43.6626 0.223789 5784.59              0.064088 122.359 0.247221
0.77 22.9059 0 -0.247628 0.995429 0 0.0955004 0 1 0 -0.0955004 0 0.995429  -0.0593195 0 0.0785577 0 0.172485 0              29.3607 0.205616 5945.04              0.0573468 88.8959 0.317518
0.78 22.9053 0 -0.246821 0.995264 0 0.0972085 0 1 0 -0.0972085 0 0.995264  -0.0587817 0 0.0805805 0 0.17124 0              2.23926 0.430827 5915.06              0.0323419 109.191 0.302234
0.79 22.9047 0 -0.24602 0.995096 0 0.0989101 0 1 0 -0.0989101 0 0.995096  -0.0592626 0 0.0803546 0 0.170532 0              -12.1963 0.702099 5830.6              -0.0690311 104.911 0.278092
0.8 22.9042 0 -0.245225 0.994927 0 0.100603 0 1 0 -0.100603 0 0.994927  -0.0598102 0 0.0793928 0 0.1697 0              37.4871 0.157899 5998.95              0.109244 98.2117 0.288548
0.81 22.9036 0 -0.244414 0.994755 0 0.102284 0 1 0 -0.102284 0 0.994755  -0.0594456 0 0.0812168 0 0.168481 0              -10.2956 0.363129 5876.46              0.0755695 103.022 0.260347
0.82 22.903 0 -0.243616 0.994582 0 0.103956 0 1 0 -0.103956 0 0.994582  -0.0602871 0 0.0799331 0 0.167609 0              9.59771 0.069845 5878.73              0.116996 95.5965 0.286559
0.83 22.9024 0 -0.242812 0.994407 0 0.105616 0 1 0 -0.105616 0 0.994407  -0.0602658 0 0.0803793 0 0.166338 0              24.5339 0.141741 5942.52              0.103108 104.841 0.273894
0.84 22.9018 0 -0.242008 0.994231 0 0.107264 0 1 0 -0.107264 0 0.994231  -0.0604021 0 0.0804835 0 0.165212 0              -20.3151 1.25972 5854.41              -0.248353 101.045 0.288928
0.85 22.9011 0 -0.241204 0.994053 0 0.1089 0 1 0 -0.1089 0 0.994053  -0.0608669 0 0.0804468 0 0.163951 0              6.62102 -0.440874 5885.59              0.509916 97.634 0.351752
0.86 22.9005 0 -0.240399 0.993874 0 0.110522 0 1 0 -0.110522 0 0.993874  -0.0610443 0 0.0804408 0 0.162555 0              30.1529 1.31105 5943.7              -0.385183 122.392 0.177258
0.87 22.8999 0 -0.239595 0.993693 0 0.112134 0 1 0 -0.112134 0 0.993693  -0.0611431 0 0.0804178 0 0.161536 0              -1.30496 0.320183 5866.44              0.0540374 93.5213 0.248303
0.88 22.8993 0 -0.238792 0.993512 0 0.113729 0 1 0 -0.113729 0 0.993512  -0.0613643 0 0.0803416 0 0.15994 0              6.40912 1.33147 5887.66              -0.22559 110.685 0.324522
0.89 22.8987 0 -0.237989 0.993329 0 0.115312 0 1 0 -0.115312 0 0.993329  -0.0615818 0 0.0802415 0 0.158596 0              -1.45918 0.571 5848.54              0.0291584 102.788 0.226243
0.9 22.8981 0 -0.23719 0.993146 0 0.116879 0 1 0 -0.116879 0 0.993146  -0.0618355 0 0.0798474 0 0.157072 0              11.1395 0.378991 5909.33              0.0625104 108.318 0.262073
0.91 22.8975 0 -0.236387 0.992962 0 0.118431 0 1 0 -0.118431 0 0.992962  -0.0619081 0 0.0802555 0 0.155525 0              -12.6273 -0.0510699 5834.97              0.247638 93.9243 0.209192
0.92 22.8968 0 -0.235593 0.992778 0 0.119966 0 1 0 -0.119966 0 0.992778  -0.0624625 0 0.0792642 0 0.153792 0              26.0831 0.213466 5967.55              0.123152 119.886 0.234806
0.93 22.8962 0 -0.234787 0.992593 0 0.121485 0 1 0 -0.121485 0 0.992593  -0.0622537 0 0.0806584 0 0.152231 0              -15.8198 0.219143 5809.84              0.128194 100.392 0.237762
0.94 22.8956 0 -0.233998 0.992408 0 0.122988 0 1 0 -0.122988 0 0.992408  -0.0630647 0 0.0787575 0 0.150597 0              21.9248 0.0890789 5929.3              0.177096 103.617 0.218973
0.95 22.895 0 -0.233198 0.992223 0 0.124471 0 1 0 -0.124471 0 0.992223  -0.062805 0 0.079905 0 0.148646 0              -8.54181 0.177705 5848.36              0.161868 111.265 0.196661
0.96 22.8943 0 -0.232407 0.992038 0 0.125938 0 1 0 -0.125938 0 0.992038  -0.0633121 0 0.0790921 0 0.146967 0              3.06554 0.185042 5870.59              0.16215 108.961 0.213989
0.97 22.8937 0 -0.231619 0.991853 0 0.127387 0 1 0 -0.127387 0 0.991853  -0.0636 0 0.0786252 0 0.14512 0              17.6741 0.410312 5958.03              0.105041 117.126 0.260442
0.98 22.8931 0 -0.230819 0.991669 0 0.128816 0 1 0 -0.128816 0 0.991669  -0.0634308 0 0.0801097 0 0.143192 0              -18.0004 0.126109 5826.78              0.156166 125.947 0.205725
0.99 22.8924 0 -0.230037 0.991484 0 0.13023 0 1 0 -0.13023 0 0.991484  -0.0643909 0 0.0780909 0 0.141717 0              23.4683 0.236534 5898.98              0.148314 100.605 0.156975
1 22.8918 0 -0.229246 0.9913 0 0.131621 0 1 0 -0.131621 0 0.9913  -0.0640997 0 0.0788858 0 0.139426 0              -6.34147 0.357517 5857.85              0.0347286 101.8 0.13725
1.01 22.8911 0 -0.228468 0.991117 0 0.132993 0 1 0 -0.132993 0 0.991117  -0.064694 0 0.0777375 0 0.137299 0              15.4356 0.181579 5928.65              0.159245 127.388 0.17657
1.02 22.8905 0 -0.227686 0.990935 0 0.134345 0 1 0 -0.134345 0 0.990935  -0.0647879 0 0.0780968 0 0.135377 0              5.72048 0.24111 5869.99              0.145683 123.848 0.167578
1.03 22.8898 0 -0.22691 0.990753 0 0.135676 0 1 0 -0.135676 0 0.990753  -0.0650858 0 0.0775028 0 0.133428 0              -6.76199 0.245205 5813.61              0.135732 110.563 0.188517
1.04 22.8892 0 -0.226142 0.990573 0 0.136987 0 1 0 -0.136987 0 0.990573  -0.0654396 0 0.0765216 0 0.131222 0              11.1593 0.149047 5894.92              0.155059 119.049 0.191561
1.05 22.8885 0 -0.225371 0.990394 0 0.138275 0 1 0 -0.138275 0 0.990394  -0.0654379 0 0.076808 0 0.128954 0              -6.90323 0.245362 5857.42              0.150703 127.735 0.166313
1.06 22.8879 0 -0.224609 0.990216 0 0.139542 0 1 0 -0.139542 0 0.990216  -0.0659057 0 0.0760687 0 0.126886 0              1.5637 0.0444133 5828.04              0.17378 117.663 0.160262
1.07 22.8872 0 -0.223856 0.99004 0 0.140787 0 1 0 -0.140787 0 0.99004  -0.0662276 0 0.0749827 0 0.124604 0              11.6183 0.192079 5887.55              0.175754 127.056 0.154201
1.08 22.8866 0 -0.223098 0.989866 0 0.142008 0 1 0 -0.142008 0 0.989866  -0.0660739 0 0.0755913 0 0.122241 0              12.2738 0.00921104 5910.68              0.165646 142.39 0.147129
1.09 22.8859 0 -0.222358 0.989692 0 0.143209 0 1 0 -0.143209 0 0.989692  -0.0668268 0 0.0738281 0 0.120279 0              0.756698 0.24119 5814.45              0.18085 110.115 0.168556
1.1 22.8852 0 -0.221616 0.989522 0 0.144384 0 1 0 -0.144384 0 0.989522  -0.0667255 0 0.0738487 0 0.117582 0              -6.38521 0.418242 5834.64              0.049941 127.987 0.10727
1.11 22.8845 0 -0.220885 0.989353 0 0.145537 0 1 0 -0.145537 0 0.989353  -0.0671776 0 0.0727379 0 0.115215 0              4.06684 0.497109 5848.23              0.0321743 142.007 0.188496
1.12 22.8839 0 -0.22016 0.989186 0 0.146666 0 1 0 -0.146666 0 0.989186  -0.0673755 0 0.0721343 0 0.112957 0              15.0396 0.481773 5901.33              0.0713742 138.363 0.174881
1.13 22.8832 0 -0.219437 0.989022 0 0.14777 0 1 0 -0.14777 0 0.989022  -0.0674484 0 0.0720769 0 0.110505 0              -17.7672 0.326316 5815.2              0.142498 142.378 0.170917
1.14 22.8825 0 -0.218723 0.98886 0 0.148852 0 1 0 -0.148852 0 0.98886  -0.0678876 0 0.0712549 0 0.108161 0              34.2658 0.13965 5988.71              0.204496 168.043 0.180278
1.15 22.8818 0 -0.218002 0.9887 0 0.149911 0 1 0 -0.149911 0 0.9887  -0.0678156 0 0.072028 0 0.105977 0              -22.6574 0.265679 5791.69              0.148995 149.935 0.169184
1.16 22.8812 0 -0.217294 0.988542 0 0.150948 0 1 0 -0.150948 0 0.988542  -0.0684452 0 0.0706833 0 0.103739 0              25.2401 0.356901 5883.06              0.110073 156.349 0.0753037
1.17 22.8805 0 -0.216585 0.988387 0 0.151961 0 1 0 -0.151961 0 0.988387  -0.0683078 0 0.0706336 0 0.101331 0              8.79859 -0.0270832 5884.55              0.245598 149.628 0.151638
1.18 22.8798 0 -0.215885 0.988234 0 0.152949 0 1 0 -0.152949 0 0.988234  -0.0686856 0 0.0697915 0 0.0988222 0              -6.28997 0.302815 5840.37              0.152608 162.095 0.109765
1.19 22.8791 0 -0.215185 0.988084 0 0.153914 0 1 0 -0.153914 0 0.988084  -0.0687955 0 0.0697269 0 0.096404 0              -3.31257 0.427473 5830.58              0.11025 163.033 0.122546
1.2 22.8784 0 -0.214497 0.987937 0 0.154855 0 1 0 -0.154855 0 0.987937  -0.0692132 0 0.0685584 0 0.0940356 0              32.6986 0.297957 5950.04              0.160102 175.546 0.0634933
1.21 22.8777 0 -0.213803 0.987793 0 0.155771 0 1 0 -0.155771 0 0.987793  -0.0690173 0 0.0692167 0 0.0915612 0              10.0471 0.316539 5975.54              0.125399 213.058 0.11126
1.22 22.877 0 -0.213101 0.987651 0 0.156668 0 1 0 -0.156668 0 0.987651  -0.0690352 0 0.0705939 0 0.0896505 0              -55.7421 0.887873 5538.28              0.0355685 99.212 0.0360792
1.23 22.8763 0 -0.212463 0.987513 0 0.157537 0 1 0 -0.157537 0 0.987513  -0.0712392 0 0.0628051 0 0.0868046 0              120.091 0.615031 6143.71              0.162061 155.616 0.300051
1.24 22.8756 0 -0.21176 0.98738 0 0.15837 0 1 0 -0.15837 0 0.98738  -0.0683023 0 0.0699193 0 0.082836 0              -88.678 -0.136518 5616.57              0.278811 199.576 -0.280527
1.25 22.8749 0 -0.211132 0.987248 0 0.159189 0 1 0 -0.159189 0 0.987248  -0.0711395 0 0.0626694 0 0.0815488 0              57.8713 0.310544 5948.11              0.11613 184.2 7.37278e-05
1.26 22.8742 0 -0.210467 0.987121 0 0.159975 0 1 0 -0.159975 0 0.987121  -0.0696618 0 0.0657352 0 0.0784957 0              -2.57313 0.383624 5806.52              0.118569 173.757 0.0214278
1.27 22.8735 0 -0.209824 0.986997 0 0.160737 0 1 0 -0.160737 0 0.986997  -0.0700383 0 0.0642444 0 0.0758585 0              -21.1107 0.416932 5764.61              0.124749 195.341 0.030516
1.28 22.8728 0 -0.209199 0.986877 0 0.161476 0 1 0 -0.161476 0 0.986877  -0.0707991 0 0.0618543 0 0.0735984 0              54.9741 0.425404 5938.06              0.133305 185.182 0.0123759
1.29 22.8721 0 -0.208558 0.98676 0 0.162185 0 1 0 -0.162185 0 0.98676  -0.0697569 0 0.0637565 0 0.0705652 0              -17.7351 0.796484 5755.1              -0.0384882 190.58 -0.0338031
1.3 22.8714 0 -0.207954 0.986647 0 0.162873 0 1 0 -0.162873 0 0.986647  -0.0709684 0 0.0600306 0 0.0683576 0              47.3614 0.876128 5904.14              -0.0128141 191.972 0.183274
1.31 22.8707 0 -0.207336 0.986538 0 0.163531 0 1 0 -0.163531 0 0.986538  -0.0700873 0 0.0612642 0 0.0653672 0              -1.16742 0.5032 5767.87              0.152161 193.972 -0.0175842
1.32 22.87 0 -0.206745 0.986433 0 0.164164 0 1 0 -0.164164 0 0.986433  -0.0706218 0 0.058747 0 0.06283 0              18.7013 0.649468 5822.98              0.134734 197.935 -0.0843666
1.33 22.8693 0 -0.206158 0.986332 0 0.16477 0 1 0 -0.16477 0 0.986332  -0.0704879 0 0.0579434 0 0.0600499 0              27.4811 0.166118 5859.69              0.344072 214.576 -0.153786
1.34 22.8686 0 -0.205574 0.986235 0 0.165349 0 1 0 -0.165349 0 0.986235  -0.0700592 0 0.0581149 0 0.0573841 0              4.88906 0.244425 5788.59              0.194059 224.414 -0.027942
1.35 22.8679 0 -0.20501 0.986142 0 0.165905 0 1 0 -0.165905 0 0.986142  -0.0704873 0 0.0558824 0 0.0550818 0              29.2326 0.388826 5840.98              0.162643 208.28 -0.0688066
1.36 22.8672 0 -0.204444 0.986053 0 0.166432 0 1 0 -0.166432 0 0.986053  -0.0699316 0 0.0560668 0 0.052165 0              21.626 0.360245 5819.1              0.166587 226.746 -0.0921374
1.37 22.8665 0 -0.203895 0.985968 0 0.166935 0 1 0 -0.166935 0 0.985968  -0.0700103 0 0.0545369 0 0.0496857 0              37.2487 0.421645 5835.01              0.136688 243.668 -0.0882574
1.38 22.8658 0 -0.203356 0.985887 0 0.167414 0 1 0 -0.167414 0 0.985887  -0.0698168 0 0.0533135 0 0.0473364 0              39.5892 0.420304 5858.79              0.132243 226.371 -0.127948
1.39 22.8651 0 -0.202821 0.98581 0 0.167865 0 1 0 -0.167865 0 0.98581  -0.069324 0 0.0531283 0 0.0445334 0              17.7654 0.49126 5805              0.118077 235.591 -0.111978
1.4 22.8644 0 -0.202304 0.985737 0 0.168293 0 1 0 -0.168293 0 0.985737  -0.0695191 0 0.0512297 0 0.0420409 0              42.5241 0.461046 5849.22              0.118108 242.122 -0.100745
1.41 22.8637 0 -0.201789 0.985669 0 0.168694 0 1 0 -0.168694 0 0.985669  -0.0689603 0 0.0509712 0 0.039366 0              27.8269 0.37858 5810.34              0.180708 245.35 -0.121533
1.42 22.863 0 -0.201289 0.985604 0 0.169069 0 1 0 -0.169069 0 0.985604  -0.0688742 0 0.049494 0 0.03684 0              42.7596 0.506603 5820.41              0.131016 255.374 -0.12462
1.43 22.8623 0 -0.200798 0.985544 0 0.16942 0 1 0 -0.16942 0 0.985544  -0.0683919 0 0.0486157 0 0.0343167 0              34.0632 0.564586 5808.8              0.0962127 246.53 -0.147808
1.44 22.8617 0 -0.200319 0.985488 0 0.169745 0 1 0 -0.169745 0 0.985488  -0.0681333 0 0.0473022 0 0.0316344 0              50.2578 0.511159 5855.83              0.11228 266.427 -0.141535
1.45 22.861 0 -0.199848 0.985436 0 0.170045 0 1 0 -0.170045 0 0.985436  -0.0676423 0 0.0466172 0 0.0291316 0              38.7147 0.492129 5819.15              0.123348 273.4 -0.147849
1.46 22.8603 0 -0.199386 0.985389 0 0.17032 0 1 0 -0.17032 0 0.985389  -0.0672026 0 0.0457434 0 0.0267092 0              40.938 0.48413 5812.42              0.122809 273.515 -0.149121
1.47 22.8596 0 -0.198938 0.985345 0 0.170571 0 1 0 -0.170571 0 0.985345  -0.0668982 0 0.0443388 0 0.0242904 0              41.5877 0.481605 5748.92              0.129892 239.447 -0.145883
1.48 22.859 0 -0.198513 0.985307 0 0.170795 0 1 0 -0.170795 0 0.985307  -0.066787 0 0.0415777 0 0.0214183 0              85.4273 0.479098 5902.68              0.110089 286.007 -0.146372
1.49 22.8583 0 -0.19808 0.985272 0 0.170993 0 1 0 -0.170993 0 0.985272  -0.0653101 0 0.0428153 0 0.0186934 0              32.0333 0.519767 5808.02              0.0856769 315.622 -0.164013
1.5 22.8577 0 -0.197673 0.985241 0 0.171171 0 1 0 -0.171171 0 0.985241  -0.065484 0 0.0403253 0 0.016914 0              56.8824 0.524423 5825.76              0.0814308 282.107 -0.149668
1.51 22.857 0 -0.197269 0.985215 0 0.171323 0 1 0 -0.171323 0 0.985215  -0.0646742 0 0.0398404 0 0.0142398 0              65.4061 0.525491 5837.97              0.101002 294.393 -0.16475
1.52 22.8564 0 -0.196874 0.985193 0 0.171451 0 1 0 -0.171451 0 0.985193  -0.0638826 0 0.0390836 0 0.0117296 0              45.2092 0.47178 5784.95              0.0844293 308.162 -0.163837
1.53 22.8557 0 -0.196496 0.985174 0 0.171557 0 1 0 -0.171557 0 0.985174  -0.0635427 0 0.0371815 0 0.0095461 0              74.9068 0.781436 5857.14              -0.0865407 310.643 -0.0865122
1.54 22.8551 0 -0.19612 0.98516 0 0.171638 0 1 0 -0.171638 0 0.98516  -0.0624465 0 0.0371173 0 0.00707484 0              53.0411 0.477302 5797.19              0.113708 314.035 -0.172222
1.55 22.8545 0 -0.195761 0.98515 0 0.171697 0 1 0 -0.171697 0 0.98515  -0.0620028 0 0.0353571 0 0.004844 0              68.6553 0.421346 5829.38              0.110564 319.407 -0.179561
1.56 22.8539 0 -0.195409 0.985144 0 0.171733 0 1 0 -0.171733 0 0.985144  -0.0611042 0 0.0346214 0 0.0024883 0              69.9802 0.441139 5828.7              0.122524 326.116 -0.181523
1.57 22.8533 0 -0.195068 0.985141 0 0.171746 0 1 0 -0.171746 0 0.985141  -0.0602573 0 0.0336945 0 0.000213564 0              64.3681 0.386725 5810.24              0.107864 331 -0.164272
1.58 22.8527 0 -0.194739 0.985143 0 0.171738 0 1 0 -0.171738 0 0.985143  -0.0595658 0 0.0323379 0 -0.00195065 0              76.9241 0.512628 5839.27              0.0188429 333.174 -0.17268
1.59 22.8521 0 -0.194416 0.985148 0 0.171707 0 1 0 -0.171707 0 0.985148  -0.0585201 0 0.0317996 0 -0.0042931 0              75.3098 0.29886 5818.01              0.103752 352.889 -0.167152
1.6 22.8515 0 -0.194106 0.985157 0 0.171656 0 1 0 -0.171656 0 0.985157  -0.0576563 0 0.0305586 0 -0.00626589 0              71.47 0.396501 5815.97              0.0970102 341.65 -0.155778
1.61 22.8509 0 -0.193806 0.98517 0 0.171583 0 1 0 -0.171583 0 0.98517  -0.0567899 0 0.0294292 0 -0.00849706 0              79.8623 0.378586 5829.99              0.0896783 348.571 -0.158547
1.62 22.8504 0 -0.193515 0.985186 0 0.171488 0 1 0 -0.171488 0 0.985186  -0.055755 0 0.028611 0 -0.010723 0              75.8152 0.401517 5813.95              0.0854663 359.856 -0.160261
1.63 22.8498 0 -0.193236 0.985206 0 0.171373 0 1 0 -0.171373 0 0.985206  -0.0548585 0 0.0273547 0 -0.0127512 0              81.2459 0.336433 5821.61              0.0859061 360.635 -0.148956
1.64 22.8493 0 -0.192967 0.98523 0 0.171237 0 1 0 -0.171237 0 0.98523  -0.0538206 0 0.0263674 0 -0.0148658 0              85.2506 0.338939 5820.82              0.0796277 368.587 -0.148969
1.65 22.8487 0 -0.192709 0.985257 0 0.171081 0 1 0 -0.171081 0 0.985257  -0.0527473 0 0.0253064 0 -0.0168925 0              81.5191 0.355238 5820.52              0.0742111 370.458 -0.162314
1.66 22.8482 0 -0.192461 0.985288 0 0.170904 0 1 0 -0.170904 0 0.985288  -0.0517258 0 0.0242339 0 -0.0189417 0              84.163 0.326137 5820.6              0.0639747 375.161 -0.159808
1.67 22.8477 0 -0.192224 0.985322 0 0.170708 0 1 0 -0.170708 0 0.985322  -0.0506627 0 0.023175 0 -0.0209663 0              74.8748 0.334002 5796.94              0.0621464 366.28 -0.155259
1.68 22.8472 0 -0.192002 0.985359 0 0.17049 0 1 0 -0.17049 0 0.985359  -0.0497993 0 0.0216125 0 -0.0231098 0              103.487 0.396622 5850.74              0.0342062 396.973 -0.154343
1.69 22.8467 0 -0.191783 0.9854 0 0.170254 0 1 0 -0.170254 0 0.9854  -0.0483118 0 0.0213355 0 -0.0250083 0              68.254 0.177906 5743.75              0.128304 379.076 -0.152894
1.7 22.8462 0 -0.191592 0.985444 0 0.169999 0 1 0 -0.169999 0 0.985444  -0.0477944 0 0.0184295 0 -0.0268124 0              119.862 0.267811 5884.98              0.0770381 398.125 -0.168747
1.71 22.8458 0 -0.191393 0.985492 0 0.169723 0 1 0 -0.169723 0 0.985492  -0.0458018 0 0.0193409 0 -0.0289717 0              72.178 0.362337 5776.19              0.0245464 407.188 -0.153318
1.72 22.8453 0 -0.191221 0.985542 0 0.169432 0 1 0 -0.169432 0 0.985542  -0.045241 0 0.0167683 0 -0.0304806 0              105.669 0.316985 5846.09              0.0552366 411.84 -0.169126
1.73 22.8448 0 -0.19105 0.985595 0 0.169122 0 1 0 -0.169122 0 0.985595  -0.0437051 0 0.0164607 0 -0.0323199 0              98.4567 0.355267 5832.17              0.0434206 409.594 -0.183954
1.74 22.8444 0 -0.190891 0.985651 0 0.168794 0 1 0 -0.168794 0 0.985651  -0.042453 0 0.0154911 0 -0.0341339 0              86.5669 0.357599 5800.91              0.0400435 419.837 -0.190417
1.75 22.844 0 -0.190746 0.98571 0 0.168451 0 1 0 -0.168451 0 0.98571  -0.0414329 0 0.0139157 0 -0.0357285 0              109.949 0.301062 5859.04              0.038989 424.768 -0.174453
1.76 22.8436 0 -0.190604 0.985772 0 0.168089 0 1 0 -0.168089 0 0.985772  -0.0398482 0 0.0137545 0 -0.0374958 0              91.566 0.341952 5809.9              0.0359884 429.304 -0.200375
1.77 22.8432 0 -0.190478 0.985836 0 0.167713 0 1 0 -0.167713 0 0.985836  -0.03884 0 0.0120888 0 -0.0389924 0              105.487 0.295893 5844.76              0.0299522 432.839 -0.177733
1.78 22.8428 0 -0.190357 0.985903 0 0.16732 0 1 0 -0.16732 0 0.985903  -0.0373664 0 0.0115956 0 -0.0406584 0              98.2376 0.333806 5824.31              0.0208639 438.608 -0.18681
1.79 22.8424 0 -0.190248 0.985972 0 0.166912 0 1 0 -0.166912 0 0.985972  -0.0361046 0 0.010538 0 -0.0421783 0              97.1649 0.184533 5817.05              0.117847 443.444 -0.183952
1.8 22.8421 0 -0.190149 0.986043 0 0.166489 0 1 0 -0.166489 0 0.986043  -0.0348601 0 0.00936776 0 -0.0436441 0              108.847 0.176194 5848.03              0.111959 447.527 -0.185689
1.81 22.8418 0 -0.190056 0.986117 0 0.166051 0 1 0 -0.166051 0 0.986117  -0.0333563 0 0.00887325 0 -0.0451719 0              97.5782 0.158834 5819.64              0.0809043 452.289 -0.159395
1.82 22.8414 0 -0.189975 0.986193 0 0.1656 0 1 0 -0.1656 0 0.986193  -0.0321549 0 0.00761086 0 -0.0465296 0              104.434 0.186636 5834.17              0.0650854 455.508 -0.166855
1.83 22.8411 0 -0.189901 0.986271 0 0.165134 0 1 0 -0.165134 0 0.986271  -0.0307229 0 0.00690069 0 -0.0479613 0              111.834 0.202145 5871.97              0.062236 465.209 -0.153808
1.84 22.8408 0 -0.189831 0.986351 0 0.164654 0 1 0 -0.164654 0 0.986351  -0.0291737 0 0.00674764 0 -0.0493337 0              91.1353 0.152651 5798.05              0.0636503 468.385 -0.155083
1.85 22.8405 0 -0.189778 0.986433 0 0.164163 0 1 0 -0.164163 0 0.986433  -0.0281858 0 0.00487355 0 -0.0504247 0              119.104 0.244449 5869.81              0.0330611 465.376 -0.133095
1.86 22.8403 0 -0.189723 0.986517 0 0.163657 0 1 0 -0.163657 0 0.986517  -0.0264117 0 0.00501638 0 -0.0519094 0              97.3159 0.179818 5815              0.0469207 473.255 -0.136442
1.87 22.84 0 -0.189685 0.986603 0 0.16314 0 1 0 -0.16314 0 0.986603  -0.0252882 0 0.00348592 0 -0.0530226 0              107.096 0.0724413 5835.85              0.0593025 478.707 -0.147468
1.88 22.8397 0 -0.189652 0.98669 0 0.162611 0 1 0 -0.162611 0 0.98669  -0.0238136 0 0.0028007 0 -0.054214 0              112.615 0.115824 5853.14              0.0418494 482.579 -0.10451
1.89 22.8395 0 -0.189625 0.986779 0 0.16207 0 1 0 -0.16207 0 0.986779  -0.0222611 0 0.00235655 0 -0.0554029 0              95.8491 0.108289 5810.23              0.0385737 484.069 -0.128021
1.9 22.8393 0 -0.189612 0.98687 0 0.161519 0 1 0 -0.161519 0 0.98687  -0.0211274 0 0.000831205 0 -0.0564176 0              115.282 0.0785789 5856.81              0.021136 487.792 -0.0908033
1.91 22.8391 0 -0.189601 0.986962 0 0.160956 0 1 0 -0.160956 0 0.986962  -0.0194564 0 0.000652371 0 -0.0576036 0              99.9488 0.0485677 5817.5              0.0352878 490.58 -0.100146
1.92 22.8389 0 -0.189604 0.987055 0 0.160383 0 1 0 -0.160383 0 0.987055  -0.018244 0 -0.000719706 0 -0.058574 0              109.763 -0.0359847 5849.8              0.0112058 496.368 -0.0535075
1.93 22.8387 0 -0.189612 0.987149 0 0.1598 0 1 0 -0.1598 0 0.987149  -0.0167033 0 -0.00114223 0 -0.0596168 0              104.676 -0.019889 5834.46              0.00857407 498.752 -0.0826959
1.94 22.8386 0 -0.189629 0.987245 0 0.159207 0 1 0 -0.159207 0 0.987245  -0.0153459 0 -0.00206654 0 -0.060558 0              104.889 -0.0215393 5835.5              0.0345069 500.428 -0.0411868
1.95 22.8384 0 -0.189654 0.987342 0 0.158605 0 1 0 -0.158605 0 0.987342  -0.0139704 0 -0.00294035 0 -0.0614895 0              109.803 0.00111541 5847.24              -0.0010733 506.529 -0.0560997
1.96 22.8383 0 -0.189685 0.98744 0 0.157993 0 1 0 -0.157993 0 0.98744  -0.0124701 0 -0.00350001 0 -0.0623889 0              105.058 -0.0623535 5836.75              0.011988 510.327 -0.016303
1.97 22.8382 0 -0.189726 0.987539 0 0.157374 0 1 0 -0.157374 0 0.987539  -0.0111475 0 -0.00451523 0 -0.063162 0              107.627 0.000373795 5843.87              -0.00899569 512.412 -0.0580088
1.98 22.8381 0 -0.189773 0.987639 0 0.156746 0 1 0 -0.156746 0 0.987639  -0.00964364 0 -0.00501877 0 -0.0639915 0              105.785 -0.0410986 5846.29              0.00111764 513.8 -0.0195846
1.99 22.838 0 -0.189827 0.98774 0 0.15611 0 1 0 -0.15611 0 0.98774  -0.00828297 0 -0.00582063 0 -0.064753 0              102.528 -0.00168247 5828.2              0.00095056 517.917 -0.00827329
2 22.8379 0 -0.189891 0.987841 0 0.155468 0 1 0 -0.155468 0 0.987841  -0.00692175 0 -0.00672533 0 -0.0654475 0              109.997 -0.0952205 5856.08              0.00548785 518.864 -0.0110787
2.01 22.8378 0 -0.189959 0.987943 0 0.154817 0 1 0 -0.154817 0 0.987943  -0.00544003 0 -0.00722491 0 -0.0661928 0              102.318 -0.127166 5831.28              0.00136277 524.56 -0.0119451
2.02 22.8378 0 -0.190037 0.988046 0 0.154161 0 1 0 -0.154161 0 0.988046  -0.00410864 0 -0.00816183 -0 -0.0667883 0              108.352 1.61529 5848.45              -1.02698 526.431 -0.0370398
2.03 22.8378 0 -0.190122 0.988149 0 0.153498 0 1 0 -0.153498 0 0.988149  -0.00267287 0 -0.00882574 -0 -0.0673947 0              107.06 0.602779 5843.75              -0.315868 533.383 -0.0821499
2.04 22.8377 0 -0.190212 0.988253 0 0.15283 0 1 0 -0.15283 0 0.988253  -0.00119103 0 -0.00936535 -0 -0.0679075 0              104.468 0.444743 5846.55              -0.236159 533.413 -0.0711676
2.05 22.8377 0 -0.190311 0.988356 0 0.152156 0 1 0 -0.152156 0 0.988356  0.000130154 0 -0.010218 -0 -0.0683711 0              105.722 0.257743 5848.77              -0.1889 534.127 -0.040108
2.06 22.8377 0 -0.190414 0.988461 0 0.151478 0 1 0 -0.151478 0 0.988461  0.00159728 0 -0.0106696 -0 -0.0688881 0              105.962 0.339708 5847.76              -0.184233 533.4 -0.0505086
2.07 22.8378 0 -0.190527 0.988565 0 0.150795 0 1 0 -0.150795 0 0.988565  0.00288768 0 -0.0116406 -0 -0.0693299 0              107.778 0.135637 5856.62              -0.130438 543.238 -0.0191302
2.08 22.8378 0 -0.190643 0.98867 0 0.150108 0 1 0 -0.150108 0 0.98867  0.00441968 0 -0.0118823 -0 -0.0697183 0              103.452 0.246627 5854.28              -0.153117 542.611 -0.00732049
2.09 22.8379 0 -0.190767 0.988774 0 0.149418 0 1 0 -0.149418 0 0.988774  0.0056992 0 -0.0126904 -0 -0.0700169 0              103.464 0.182699 5851.35              -0.126318 542.468 -0.0252206
2.1 22.8379 0 -0.190896 0.988879 0 0.148724 0 1 0 -0.148724 0 0.988879  0.00708832 0 -0.0132215 -0 -0.0703553 0              106.813 0.183057 5855.4              -0.147547 547.172 -0.0457709
