*************************Generated by extractMotion.sh**********************
*      Sun Mar 30 14:06:43 MDT 2025 - Case: 3D_RM6_noPTO
* Note: Data was extracted from log.overInterDyMFoam using extractMotion.sh
*       Can be visualized with plotMotion.py                            
****************************************************************************
Time X(x3) Orientation(x9) dX(x3) dX_angular(x3)
0.01 22.9328 0 -0.285987 1 0 3.84138e-05 0 1 0 -3.84138e-05 0 1  -0.000186733 0 0.00257569 0 0.00768276 0
0.02 22.9328 0 -0.285903 1 0 0.000137964 0 1 0 -0.000137964 0 1  0.000725536 -0 0.0116622 0 0.0164183 0
0.03 22.9328 0 -0.285854 1 0 0.000281487 0 1 0 -0.000281487 0 1  -0.00215932 0 0.00655674 0 0.0178875 0
0.04 22.9328 0 -0.285715 1 0 0.000460431 0 1 0 -0.000460431 0 1  -0.000176887 0 0.0149802 0 0.0193366 0
0.05 22.9328 0 -0.285582 1 0 0.000704792 0 1 0 -0.000704792 0 1  -0.000690801 0 0.0150981 0 0.026398 0
0.06 22.9328 0 -0.285413 1 0 0.000990777 0 1 0 -0.000990777 0 1  -0.00122981 0 0.0180327 0 0.0313166 0
0.07 22.9328 0 -0.285199 0.999999 0 0.00131656 0 1 0 -0.00131656 0 0.999999  -0.000896516 0 0.0230729 0 0.0348581 0
0.08 22.9327 0 -0.284984 0.999999 0 0.00169357 0 1 0 -0.00169357 0 0.999999  -0.00166853 0 0.0228539 0 0.039871 0
0.09 22.9327 0 -0.284712 0.999998 0 0.00211245 0 1 0 -0.00211245 0 0.999998  -0.00102088 0 0.0285456 0 0.044175 0
0.1 22.9327 0 -0.284432 0.999997 0 0.00257821 0 1 0 -0.00257821 0 0.999997  -0.00174623 0 0.0296182 0 0.0488325 0
0.11 22.9327 0 -0.284114 0.999995 0 0.00308722 0 1 0 -0.00308722 0 0.999995  -0.00170122 0 0.033105 0 0.0531415 0
0.12 22.9327 0 -0.283766 0.999993 0 0.00364036 0 1 0 -0.00364036 0 0.999993  -0.00169764 0 0.0362859 0 0.0575037 0
0.13 22.9327 0 -0.283397 0.999991 0 0.00423829 0 1 0 -0.00423829 0 0.999991  -0.00208709 0 0.0382346 0 0.061998 0
0.14 22.9326 0 -0.28299 0.999988 0 0.00487808 0 1 0 -0.00487808 0 0.999988  -0.00193601 0 0.042118 0 0.0661544 0
0.15 22.9326 0 -0.282564 0.999985 0 0.00556197 0 1 0 -0.00556197 0 0.999985  -0.00228961 0 0.0441101 0 0.0705362 0
0.16 22.9326 0 -0.282103 0.99998 0 0.00628743 0 1 0 -0.00628743 0 0.99998  -0.00229526 0 0.0473914 0 0.0746818 0
0.17 22.9326 0 -0.281616 0.999975 0 0.00705503 0 1 0 -0.00705503 0 0.999975  -0.00243696 0 0.0501664 0 0.0788589 0
0.18 22.9326 0 -0.281103 0.999969 0 0.00786444 0 1 0 -0.00786444 0 0.999969  -0.00264742 0 0.052659 0 0.0830326 0
0.19 22.9325 0 -0.280559 0.999962 0 0.00871423 0 1 0 -0.00871423 0 0.999962  -0.00264113 0 0.055802 0 0.0870391 0
0.2 22.9325 0 -0.279992 0.999954 0 0.00960471 0 1 0 -0.00960471 0 0.999954  -0.00289501 0 0.0580528 0 0.0910724 0
0.21 22.9325 0 -0.279394 0.999945 0 0.0105343 0 1 0 -0.0105343 0 0.999945  -0.0029116 0 0.0610911 0 0.0949503 0
0.22 22.9324 0 -0.278772 0.999934 0 0.0115034 0 1 0 -0.0115034 0 0.999934  -0.00308747 0 0.0635362 0 0.0988799 0
0.23 22.9324 0 -0.278124 0.999922 0 0.0125108 0 1 0 -0.0125108 0 0.999922  -0.00320453 0 0.0661095 0 0.102686 0
0.24 22.9324 0 -0.277446 0.999908 0 0.0135561 0 1 0 -0.0135561 0 0.999908  -0.00321995 0 0.0691961 0 0.106436 0
0.25 22.9323 0 -0.276748 0.999893 0 0.0146392 0 1 0 -0.0146392 0 0.999893  -0.00351969 0 0.0710679 0 0.110216 0
0.26 22.9323 0 -0.276017 0.999876 0 0.0157582 0 1 0 -0.0157582 0 0.999876  -0.00342086 0 0.074334 0 0.113754 0
0.27 22.9323 0 -0.27527 0.999857 0 0.0169138 0 1 0 -0.0169138 0 0.999857  -0.00372864 0 0.0759565 0 0.117379 0
0.28 22.9322 0 -0.274495 0.999836 0 0.0181035 0 1 0 -0.0181035 0 0.999836  -0.00372047 0 0.078623 0 0.120751 0
0.29 22.9322 0 -0.273696 0.999813 0 0.0193278 0 1 0 -0.0193278 0 0.999813  -0.00381746 0 0.0812056 0 0.124168 0
0.3 22.9322 0 -0.272891 0.999788 0 0.0205861 0 1 0 -0.0205861 0 0.999788  -0.00435839 0 0.0814586 0 0.127537 0
0.31 22.9321 0 -0.272042 0.999761 0 0.0218734 0 1 0 -0.0218734 0 0.999761  -0.00365918 0 0.0862594 0 0.130328 0
0.32 22.9321 0 -0.271196 0.999731 0 0.0231968 0 1 0 -0.0231968 0 0.999731  -0.00463065 0 0.0857554 0 0.133967 0
0.33 22.932 0 -0.270309 0.999699 0 0.0245486 0 1 0 -0.0245486 0 0.999699  -0.00422469 0 0.0896503 0 0.136828 0
0.34 22.932 0 -0.269407 0.999664 0 0.0259321 0 1 0 -0.0259321 0 0.999664  -0.0044781 0 0.0914366 0 0.139925 0
0.35 22.9319 0 -0.268492 0.999626 0 0.0273459 0 1 0 -0.0273459 0 0.999626  -0.00488065 0 0.0923553 0 0.142951 0
0.36 22.9319 0 -0.267537 0.999586 0 0.0287868 0 1 0 -0.0287868 0 0.999586  -0.00442132 0 0.0966587 0 0.145604 0
0.37 22.9318 0 -0.266585 0.999542 0 0.0302593 0 1 0 -0.0302593 0 0.999542  -0.00527663 0 0.096267 0 0.148755 0
0.38 22.9318 0 -0.265591 0.999496 0 0.0317566 0 1 0 -0.0317566 0 0.999496  -0.0048245 0 0.100315 0 0.151219 0
0.39 22.9317 0 -0.264596 0.999446 0 0.0332828 0 1 0 -0.0332828 0 0.999446  -0.00545108 0 0.100599 0 0.15405 0
0.4 22.9317 0 -0.263566 0.999393 0 0.0348343 0 1 0 -0.0348343 0 0.999393  -0.00514336 0 0.103999 0 0.156569 0
0.41 22.9316 0 -0.262536 0.999337 0 0.0364124 0 1 0 -0.0364124 0 0.999337  -0.00579554 0 0.103838 0 0.159196 0
0.42 22.9316 0 -0.261494 0.999277 0 0.0380116 0 1 0 -0.0380116 0 0.999277  -0.00594863 0 0.104481 0 0.161199 0
0.43 22.9315 0 -0.260424 0.999214 0 0.039631 0 1 0 -0.039631 0 0.999214  -0.00549936 0 0.107894 0 0.163062 0
0.44 22.9315 0 -0.259338 0.999148 0 0.0412779 0 1 0 -0.0412779 0 0.999148  -0.00615449 0 0.109721 0 0.165975 0
0.45 22.9314 0 -0.258272 0.999077 0 0.0429452 0 1 0 -0.0429452 0 0.999077  -0.00726481 0 0.106865 0 0.168087 0
0.46 22.9313 0 -0.257142 0.999004 0 0.044625 0 1 0 -0.044625 0 0.999004  -0.00564183 0 0.113725 0 0.169006 0
0.47 22.9313 0 -0.256036 0.998926 0 0.0463345 0 1 0 -0.0463345 0 0.998926  -0.00738441 0 0.111744 0 0.172109 0
0.48 22.9312 0 -0.254905 0.998845 0 0.0480587 0 1 0 -0.0480587 0 0.998845  -0.00744376 0 0.113403 0 0.173728 0
0.49 22.9311 0 -0.253749 0.998759 0 0.0497986 0 1 0 -0.0497986 0 0.998759  -0.0070281 0 0.116494 0 0.175035 0
0.5 22.931 0 -0.252604 0.99867 0 0.0515604 0 1 0 -0.0515604 0 0.99867  -0.00825604 0 0.115019 0 0.17727 0
0.51 22.931 0 -0.251425 0.998577 0 0.0533341 0 1 0 -0.0533341 0 0.998577  -0.00784943 0 0.118437 0 0.178472 0
0.52 22.9309 0 -0.25026 0.998479 0 0.0551244 0 1 0 -0.0551244 0 0.998479  -0.00876238 0 0.116965 0 0.180035 0
0.53 22.9308 0 -0.249065 0.998378 0 0.056927 0 1 0 -0.056927 0 0.998378  -0.00855966 0 0.119899 0 0.181244 0
0.54 22.9307 0 -0.247876 0.998273 0 0.0587445 0 1 0 -0.0587445 0 0.998273  -0.00933964 0 0.119541 0 0.182738 0
0.55 22.9306 0 -0.246669 0.998164 0 0.0605735 0 1 0 -0.0605735 0 0.998164  -0.00954776 0 0.121012 0 0.183894 0
0.56 22.9305 0 -0.245437 0.99805 0 0.0624157 0 1 0 -0.0624157 0 0.99805  -0.00961922 0 0.124127 0 0.185205 0
0.57 22.9304 0 -0.244255 0.997933 0 0.0642697 0 1 0 -0.0642697 0 0.997933  -0.0115266 0 0.118018 0 0.186373 0
0.58 22.9303 0 -0.242983 0.997811 0 0.0661247 0 1 0 -0.0661247 0 0.997811  -0.00923502 0 0.127769 0 0.186259 0
0.59 22.9302 0 -0.241753 0.997685 0 0.068004 0 1 0 -0.068004 0 0.997685  -0.0120485 0 0.124229 0 0.188936 0
0.6 22.9301 0 -0.240493 0.997555 0 0.0698877 0 1 0 -0.0698877 0 0.997555  -0.012118 0 0.126297 0 0.189541 0
0.61 22.93 0 -0.23921 0.997421 0 0.0717778 0 1 0 -0.0717778 0 0.997421  -0.0117472 0 0.129342 0 0.189852 0
0.62 22.9298 0 -0.237975 0.997282 0 0.073679 0 1 0 -0.073679 0 0.997282  -0.014134 0 0.123522 0 0.190953 0
0.63 22.9297 0 -0.236665 0.99714 0 0.0755774 0 1 0 -0.0755774 0 0.99714  -0.0123952 0 0.13131 0 0.190595 0
0.64 22.9295 0 -0.235403 0.996993 0 0.0774908 0 1 0 -0.0774908 0 0.996993  -0.0149686 0 0.126893 0 0.192196 0
0.65 22.9294 0 -0.23411 0.996843 0 0.0794027 0 1 0 -0.0794027 0 0.996843  -0.0149042 0 0.129121 0 0.192124 0
0.66 22.9293 0 -0.232822 0.996688 0 0.0813165 0 1 0 -0.0813165 0 0.996688  -0.0153277 0 0.129176 0 0.192074 0
0.67 22.9291 0 -0.231532 0.99653 0 0.0832352 0 1 0 -0.0832352 0 0.99653  -0.0163958 0 0.12918 0 0.192626 0
0.68 22.9289 0 -0.230231 0.996368 0 0.0851541 0 1 0 -0.0851541 0 0.996368  -0.0169161 0 0.130344 0 0.192716 0
0.69 22.9287 0 -0.22894 0.996202 0 0.0870737 0 1 0 -0.0870737 0 0.996202  -0.017988 0 0.129164 0 0.192738 0
0.7 22.9286 0 -0.227602 0.996032 0 0.0889945 0 1 0 -0.0889945 0 0.996032  -0.0177082 0 0.134524 0 0.192886 0
0.71 22.9284 0 -0.226312 0.995858 0 0.0909217 0 1 0 -0.0909217 0 0.995858  -0.0204793 0 0.129277 0 0.193685 0
0.72 22.9282 0 -0.224968 0.995681 0 0.0928394 0 1 0 -0.0928394 0 0.995681  -0.0194657 0 0.134445 0 0.192569 0
0.73 22.928 0 -0.223663 0.9955 0 0.0947602 0 1 0 -0.0947602 0 0.9955  -0.0215549 0 0.130842 0 0.192754 0
0.74 22.9278 0 -0.222336 0.995316 0 0.0966748 0 1 0 -0.0966748 0 0.995316  -0.0219446 0 0.132428 0 0.192238 0
0.75 22.9275 0 -0.221 0.995128 0 0.0985864 0 1 0 -0.0985864 0 0.995128  -0.0225426 0 0.134103 0 0.191893 0
0.76 22.9273 0 -0.219653 0.994937 0 0.1005 0 1 0 -0.1005 0 0.994937  -0.0238914 0 0.135333 0 0.192281 0
0.77 22.9271 0 -0.218323 0.994742 0 0.102408 0 1 0 -0.102408 0 0.994742  -0.0255212 0 0.133113 0 0.191726 0
0.78 22.9268 0 -0.216966 0.994545 0 0.104307 0 1 0 -0.104307 0 0.994545  -0.0254099 0 0.13594 0 0.190552 0
0.79 22.9265 0 -0.215634 0.994345 0 0.106201 0 1 0 -0.106201 0 0.994345  -0.0274153 0 0.133264 0 0.190083 0
0.8 22.9263 0 -0.214305 0.994142 0 0.108085 0 1 0 -0.108085 0 0.994142  -0.028566 0 0.132314 0 0.189127 0
0.81 22.926 0 -0.212977 0.993936 0 0.109961 0 1 0 -0.109961 0 0.993936  -0.0290544 0 0.134212 0 0.188114 0
0.82 22.9257 0 -0.211642 0.993729 0 0.111819 0 1 0 -0.111819 0 0.993729  -0.0295867 0 0.134106 0 0.186352 0
0.83 22.9253 0 -0.210371 0.993518 0 0.113676 0 1 0 -0.113676 0 0.993518  -0.0343554 0 0.123963 0 0.186443 0
0.84 22.925 0 -0.208989 0.993307 0 0.115504 0 1 0 -0.115504 0 0.993307  -0.0305036 0 0.137821 0 0.183405 0
0.85 22.9247 0 -0.207717 0.993092 0 0.117337 0 1 0 -0.117337 0 0.993092  -0.0355282 0 0.127923 0 0.183926 0
0.86 22.9243 0 -0.206393 0.992877 0 0.119147 0 1 0 -0.119147 0 0.992877  -0.0351817 0 0.131742 0 0.181759 0
0.87 22.924 0 -0.205082 0.992659 0 0.120944 0 1 0 -0.120944 0 0.992659  -0.0363607 0 0.131609 0 0.18026 0
0.88 22.9236 0 -0.203804 0.99244 0 0.122732 0 1 0 -0.122732 0 0.99244  -0.0391708 0 0.127283 0 0.179375 0
0.89 22.9232 0 -0.202484 0.99222 0 0.124496 0 1 0 -0.124496 0 0.99222  -0.0385256 0 0.132067 0 0.177004 0
0.9 22.9228 0 -0.201222 0.991998 0 0.126251 0 1 0 -0.126251 0 0.991998  -0.0418739 0 0.12619 0 0.17607 0
0.91 22.9224 0 -0.199923 0.991777 0 0.127982 0 1 0 -0.127982 0 0.991777  -0.0417744 0 0.129538 0 0.173661 0
0.92 22.922 0 -0.198651 0.991553 0 0.1297 0 1 0 -0.1297 0 0.991553  -0.0439848 0 0.127274 0 0.172349 0
0.93 22.9215 0 -0.197382 0.99133 0 0.131399 0 1 0 -0.131399 0 0.99133  -0.0456644 0 0.12633 0 0.170543 0
0.94 22.9211 0 -0.196115 0.991106 0 0.133074 0 1 0 -0.133074 0 0.991106  -0.0465436 0 0.126441 0 0.168062 0
0.95 22.9206 0 -0.19486 0.990882 0 0.134733 0 1 0 -0.134733 0 0.990882  -0.0484015 0 0.125129 0 0.166407 0
0.96 22.9201 0 -0.193612 0.990658 0 0.136371 0 1 0 -0.136371 0 0.990658  -0.0499061 0 0.124458 0 0.164314 0
0.97 22.9196 0 -0.192386 0.990434 0 0.137985 0 1 0 -0.137985 0 0.990434  -0.0515345 0 0.122502 0 0.161835 0
0.98 22.9191 0 -0.191155 0.990212 0 0.139574 0 1 0 -0.139574 0 0.990212  -0.0523478 0 0.122845 0 0.159179 0
0.99 22.9185 0 -0.189957 0.989989 0 0.141143 0 1 0 -0.141143 0 0.989989  -0.0550492 0 0.118939 0 0.157354 0
1 22.918 0 -0.188743 0.989768 0 0.142684 0 1 0 -0.142684 0 0.989768  -0.0555256 0 0.120916 0 0.154565 0
1.01 22.9174 0 -0.187558 0.989548 0 0.144204 0 1 0 -0.144204 0 0.989548  -0.0576105 0 0.11828 0 0.152272 0
1.02 22.9168 0 -0.186374 0.989329 0 0.145698 0 1 0 -0.145698 0 0.989329  -0.0590458 0 0.117828 0 0.149862 0
1.03 22.9162 0 -0.185198 0.989112 0 0.147167 0 1 0 -0.147167 0 0.989112  -0.0604102 0 0.117195 0 0.14723 0
1.04 22.9156 0 -0.184044 0.988896 0 0.148611 0 1 0 -0.148611 0 0.988896  -0.0623997 0 0.11482 0 0.14475 0
1.05 22.915 0 -0.182874 0.988682 0 0.150029 0 1 0 -0.150029 0 0.988682  -0.0631413 0 0.116733 0 0.142128 0
1.06 22.9143 0 -0.181749 0.988469 0 0.151423 0 1 0 -0.151423 0 0.988469  -0.0660034 0 0.111903 0 0.139782 0
1.07 22.9137 0 -0.180608 0.988259 0 0.152785 0 1 0 -0.152785 0 0.988259  -0.0663037 0 0.113385 0 0.136389 0
1.08 22.913 0 -0.179494 0.988052 0 0.154122 0 1 0 -0.154122 0 0.988052  -0.0683378 0 0.110973 0 0.133914 0
1.09 22.9123 0 -0.178392 0.987847 0 0.155431 0 1 0 -0.155431 0 0.987847  -0.0700521 0 0.109273 0 0.131099 0
1.1 22.9116 0 -0.177293 0.987645 0 0.156709 0 1 0 -0.156709 0 0.987645  -0.0709637 0 0.109405 0 0.127956 0
1.11 22.9109 0 -0.176222 0.987445 0 0.157961 0 1 0 -0.157961 0 0.987445  -0.0731 0 0.106392 0 0.125297 0
1.12 22.9102 0 -0.175154 0.987249 0 0.15918 0 1 0 -0.15918 0 0.987249  -0.0740616 0 0.106102 0 0.122066 0
1.13 22.9094 0 -0.174107 0.987057 0 0.160372 0 1 0 -0.160372 0 0.987057  -0.0757107 0 0.104095 0 0.11914 0
1.14 22.9086 0 -0.173071 0.986867 0 0.161532 0 1 0 -0.161532 0 0.986867  -0.0770945 0 0.102841 0 0.116116 0
1.15 22.9079 0 -0.172051 0.986682 0 0.162662 0 1 0 -0.162662 0 0.986682  -0.07855 0 0.1012 0 0.112897 0
1.16 22.9071 0 -0.171071 0.986501 0 0.163757 0 1 0 -0.163757 0 0.986501  -0.0804718 0 0.0967532 0 0.109406 0
1.17 22.9063 0 -0.170081 0.986324 0 0.164817 0 1 0 -0.164817 0 0.986324  -0.0805876 0 0.098151 0 0.105677 0
1.18 22.9054 0 -0.169132 0.986151 0 0.165849 0 1 0 -0.165849 0 0.986151  -0.0827925 0 0.0943266 0 0.103026 0
1.19 22.9046 0 -0.168202 0.985983 0 0.166846 0 1 0 -0.166846 0 0.985983  -0.0842423 0 0.0915493 0 0.0995131 0
1.2 22.9038 0 -0.167269 0.98582 0 0.167808 0 1 0 -0.167808 0 0.98582  -0.0843759 0 0.0926038 0 0.0957904 0
1.21 22.9029 0 -0.16638 0.98566 0 0.168741 0 1 0 -0.168741 0 0.98566  -0.0868028 0 0.0879859 0 0.0930836 0
1.22 22.902 0 -0.165491 0.985506 0 0.169638 0 1 0 -0.169638 0 0.985506  -0.0873044 0 0.0878079 0 0.0893904 0
1.23 22.9012 0 -0.164629 0.985357 0 0.170503 0 1 0 -0.170503 0 0.985357  -0.0885848 0 0.0854069 0 0.0860994 0
1.24 22.9003 0 -0.163783 0.985213 0 0.171335 0 1 0 -0.171335 0 0.985213  -0.0897517 0 0.0836391 0 0.0827623 0
1.25 22.8994 0 -0.162952 0.985074 0 0.172134 0 1 0 -0.172134 0 0.985074  -0.0907176 0 0.0821548 0 0.079372 0
1.26 22.8985 0 -0.162148 0.984939 0 0.1729 0 1 0 -0.1729 0 0.984939  -0.0920655 0 0.0794547 0 0.0760577 0
1.27 22.8975 0 -0.161354 0.984811 0 0.17363 0 1 0 -0.17363 0 0.984811  -0.0926238 0 0.078533 0 0.0724109 0
1.28 22.8966 0 -0.16059 0.984688 0 0.174327 0 1 0 -0.174327 0 0.984688  -0.0939838 0 0.0754686 0 0.069104 0
1.29 22.8957 0 -0.159837 0.98457 0 0.174991 0 1 0 -0.174991 0 0.98457  -0.0945662 0 0.0743356 0 0.0656949 0
1.3 22.8947 0 -0.159107 0.984458 0 0.175621 0 1 0 -0.175621 0 0.984458  -0.0956267 0 0.0720611 0 0.0623512 0
1.31 22.8937 0 -0.158397 0.984351 0 0.176218 0 1 0 -0.176218 0 0.984351  -0.0964334 0 0.0701108 0 0.0588794 0
1.32 22.8928 0 -0.157705 0.98425 0 0.17678 0 1 0 -0.17678 0 0.98425  -0.0971201 0 0.0682954 0 0.0553842 0
1.33 22.8918 0 -0.157033 0.984155 0 0.17731 0 1 0 -0.17731 0 0.984155  -0.0980134 0 0.0661572 0 0.052103 0
1.34 22.8908 0 -0.15638 0.984066 0 0.177805 0 1 0 -0.177805 0 0.984066  -0.098668 0 0.0643472 0 0.048636 0
1.35 22.8898 0 -0.155746 0.983982 0 0.178267 0 1 0 -0.178267 0 0.983982  -0.0992685 0 0.0624956 0 0.0452116 0
1.36 22.8888 0 -0.155134 0.983904 0 0.178695 0 1 0 -0.178695 0 0.983904  -0.0999972 0 0.060207 0 0.0418741 0
1.37 22.8878 0 -0.15454 0.983833 0 0.17909 0 1 0 -0.17909 0 0.983833  -0.100412 0 0.0584307 0 0.0383878 0
1.38 22.8868 0 -0.153958 0.983767 0 0.179453 0 1 0 -0.179453 0 0.983767  -0.10078 0 0.0573417 0 0.0352247 0
1.39 22.8858 0 -0.153413 0.983706 0 0.179783 0 1 0 -0.179783 0 0.983706  -0.101873 0 0.0534381 0 0.0319591 0
1.4 22.8848 0 -0.152868 0.983652 0 0.180078 0 1 0 -0.180078 0 0.983652  -0.101378 0 0.0535601 0 0.0282194 0
1.41 22.8838 0 -0.152361 0.983604 0 0.180343 0 1 0 -0.180343 0 0.983604  -0.10244 0 0.0497987 0 0.0252658 0
1.42 22.8828 0 -0.151864 0.983562 0 0.180573 0 1 0 -0.180573 0 0.983562  -0.102396 0 0.0486139 0 0.0218007 0
1.43 22.8817 0 -0.151389 0.983525 0 0.180771 0 1 0 -0.180771 0 0.983525  -0.102598 0 0.0466226 0 0.0184724 0
1.44 22.8807 0 -0.150941 0.983494 0 0.180938 0 1 0 -0.180938 0 0.983494  -0.103127 0 0.0435874 0 0.0153266 0
1.45 22.8797 0 -0.150506 0.98347 0 0.181071 0 1 0 -0.181071 0 0.98347  -0.102846 0 0.0424537 0 0.0118983 0
1.46 22.8786 0 -0.150097 0.983451 0 0.181174 0 1 0 -0.181174 0 0.983451  -0.103143 0 0.0398282 0 0.0087884 0
1.47 22.8776 0 -0.14971 0.983438 0 0.181245 0 1 0 -0.181245 0 0.983438  -0.103203 0 0.0375085 0 0.00563364 0
1.48 22.8766 0 -0.149339 0.983431 0 0.181284 0 1 0 -0.181284 0 0.983431  -0.102864 0 0.0361264 0 0.00234176 0
1.49 22.8755 0 -0.148999 0.983429 0 0.181293 0 1 0 -0.181293 0 0.983429  -0.103146 0 0.0329764 -0 -0.000594234 0
1.5 22.8745 0 -0.148669 0.983433 0 0.18127 0 1 0 -0.18127 0 0.983433  -0.102573 0 0.0319139 -0 -0.0038901 0
1.51 22.8735 0 -0.148369 0.983443 0 0.181219 0 1 0 -0.181219 0 0.983443  -0.102737 0 0.0288592 -0 -0.00678021 0
1.52 22.8725 0 -0.148084 0.983458 0 0.181136 0 1 0 -0.181136 0 0.983458  -0.10221 0 0.0273859 -0 -0.00989391 0
1.53 22.8714 0 -0.147823 0.983479 0 0.181025 0 1 0 -0.181025 0 0.983479  -0.101914 0 0.0251673 -0 -0.0128569 0
1.54 22.8704 0 -0.147585 0.983504 0 0.180885 0 1 0 -0.180885 0 0.983504  -0.10168 0 0.0226644 -0 -0.0157107 0
1.55 22.8694 0 -0.147362 0.983535 0 0.180715 0 1 0 -0.180715 0 0.983535  -0.100944 0 0.0212878 -0 -0.0187243 0
1.56 22.8684 0 -0.147166 0.983572 0 0.180518 0 1 0 -0.180518 0 0.983572  -0.100706 0 0.0185364 -0 -0.0214406 0
1.57 22.8674 0 -0.146987 0.983613 0 0.180293 0 1 0 -0.180293 0 0.983613  -0.100004 0 0.0168018 -0 -0.0242996 0
1.58 22.8664 0 -0.14683 0.983659 0 0.180041 0 1 0 -0.180041 0 0.983659  -0.09937 0 0.0147479 -0 -0.0270447 0
1.59 22.8654 0 -0.146693 0.98371 0 0.179762 0 1 0 -0.179762 0 0.98371  -0.0987157 0 0.0127246 -0 -0.029697 0
1.6 22.8644 0 -0.146576 0.983766 0 0.179457 0 1 0 -0.179457 0 0.983766  -0.0980151 0 0.0105667 -0 -0.0323236 0
1.61 22.8635 0 -0.146479 0.983826 0 0.179126 0 1 0 -0.179126 0 0.983826  -0.0971214 0 0.00876649 -0 -0.0349424 0
1.62 22.8625 0 -0.146411 0.983891 0 0.178771 0 1 0 -0.178771 0 0.983891  -0.0965576 0 0.005627 -0 -0.0374196 0
1.63 22.8615 0 -0.14635 0.98396 0 0.178389 0 1 0 -0.178389 0 0.98396  -0.0951016 0 0.00511286 -0 -0.0400806 0
1.64 22.8606 0 -0.146321 0.984033 0 0.177986 0 1 0 -0.177986 0 0.984033  -0.0946524 0 0.00187344 -0 -0.0422371 0
1.65 22.8596 0 -0.146304 0.98411 0 0.177557 0 1 0 -0.177557 0 0.98411  -0.0933502 0 0.000635013 -0 -0.0447168 0
1.66 22.8587 0 -0.146309 0.984192 0 0.177106 0 1 0 -0.177106 0 0.984192  -0.0922952 0 -0.00135721 0 -0.0469849 0
1.67 22.8578 0 -0.146335 0.984277 0 0.176634 0 1 0 -0.176634 0 0.984277  -0.0913114 0 -0.00364179 0 -0.0491172 0
1.68 22.8569 0 -0.146375 0.984365 0 0.176139 0 1 0 -0.176139 0 0.984365  -0.0898958 0 -0.00490754 0 -0.0513657 0
1.69 22.856 0 -0.14643 0.984457 0 0.175625 0 1 0 -0.175625 0 0.984457  -0.0886092 0 -0.00621254 0 -0.0533427 0
1.7 22.8551 0 -0.146511 0.984552 0 0.175091 0 1 0 -0.175091 0 0.984552  -0.0877184 0 -0.00908377 0 -0.0551996 0
1.71 22.8543 0 -0.146598 0.984651 0 0.174536 0 1 0 -0.174536 0 0.984651  -0.0858256 0 -0.00952463 0 -0.0573754 0
1.72 22.8534 0 -0.146713 0.984752 0 0.173964 0 1 0 -0.173964 0 0.984752  -0.0848573 0 -0.0123643 0 -0.0590373 0
1.73 22.8526 0 -0.146839 0.984856 0 0.173373 0 1 0 -0.173373 0 0.984856  -0.0831818 0 -0.0134666 0 -0.0609376 0
1.74 22.8517 0 -0.146983 0.984963 0 0.172765 0 1 0 -0.172765 0 0.984963  -0.081707 0 -0.0152103 0 -0.0626437 0
1.75 22.8509 0 -0.147146 0.985072 0 0.17214 0 1 0 -0.17214 0 0.985072  -0.0802671 0 -0.0171653 0 -0.0642307 0
1.76 22.8501 0 -0.147314 0.985184 0 0.1715 0 1 0 -0.1715 0 0.985184  -0.0782563 0 -0.0174837 0 -0.0658801 0
1.77 22.8494 0 -0.147512 0.985298 0 0.170845 0 1 0 -0.170845 0 0.985298  -0.0771902 0 -0.0205623 0 -0.0671471 0
1.78 22.8486 0 -0.147711 0.985414 0 0.170174 0 1 0 -0.170174 0 0.985414  -0.074962 0 -0.0207373 0 -0.0688297 0
1.79 22.8479 0 -0.147936 0.985532 0 0.169492 0 1 0 -0.169492 0 0.985532  -0.073551 0 -0.0232221 0 -0.070016 0
1.8 22.8471 0 -0.14817 0.985651 0 0.168795 0 1 0 -0.168795 0 0.985651  -0.0716001 0 -0.0242746 0 -0.0713519 0
1.81 22.8464 0 -0.148419 0.985772 0 0.168086 0 1 0 -0.168086 0 0.985772  -0.0697 0 -0.0255531 0 -0.0725811 0
1.82 22.8457 0 -0.148685 0.985895 0 0.167366 0 1 0 -0.167366 0 0.985895  -0.0679554 0 -0.0273511 0 -0.0736316 0
1.83 22.8451 0 -0.14896 0.986019 0 0.166634 0 1 0 -0.166634 0 0.986019  -0.0658085 0 -0.0281533 0 -0.0747761 0
1.84 22.8444 0 -0.149252 0.986144 0 0.165893 0 1 0 -0.165893 0 0.986144  -0.0639791 0 -0.0298761 0 -0.0756886 0
1.85 22.8438 0 -0.149554 0.98627 0 0.165142 0 1 0 -0.165142 0 0.98627  -0.0618753 0 -0.0309464 0 -0.0766405 0
1.86 22.8432 0 -0.14987 0.986397 0 0.164382 0 1 0 -0.164382 0 0.986397  -0.0597842 0 -0.0321486 0 -0.077502 0
1.87 22.8426 0 -0.1502 0.986524 0 0.163614 0 1 0 -0.163614 0 0.986524  -0.0577839 0 -0.0336868 0 -0.078245 0
1.88 22.842 0 -0.150539 0.986653 0 0.162838 0 1 0 -0.162838 0 0.986653  -0.0554752 0 -0.034486 0 -0.0790439 0
1.89 22.8415 0 -0.150889 0.986781 0 0.162057 0 1 0 -0.162057 0 0.986781  -0.0532646 0 -0.0355807 0 -0.0795305 0
1.9 22.841 0 -0.151253 0.986911 0 0.161269 0 1 0 -0.161269 0 0.986911  -0.0511435 0 -0.0370239 0 -0.0801415 0
1.91 22.8405 0 -0.151623 0.98704 0 0.160475 0 1 0 -0.160475 0 0.98704  -0.0486355 0 -0.0374372 0 -0.0806586 0
1.92 22.84 0 -0.152009 0.987169 0 0.159677 0 1 0 -0.159677 0 0.987169  -0.046557 0 -0.0391311 0 -0.0810632 0
1.93 22.8395 0 -0.152401 0.987299 0 0.158875 0 1 0 -0.158875 0 0.987299  -0.0440889 0 -0.0397958 0 -0.0814974 0
1.94 22.8391 0 -0.152802 0.987428 0 0.158069 0 1 0 -0.158069 0 0.987428  -0.0416489 0 -0.0406097 0 -0.0818453 0
1.95 22.8387 0 -0.153223 0.987557 0 0.157262 0 1 0 -0.157262 0 0.987557  -0.0395471 0 -0.0426941 0 -0.0818734 0
1.96 22.8383 0 -0.153635 0.987686 0 0.156448 0 1 0 -0.156448 0 0.987686  -0.0364821 0 -0.0416967 0 -0.0825104 0
1.97 22.838 0 -0.154077 0.987814 0 0.155637 0 1 0 -0.155637 0 0.987814  -0.0348192 0 -0.044632 0 -0.0822657 0
1.98 22.8376 0 -0.154508 0.987943 0 0.15482 0 1 0 -0.15482 0 0.987943  -0.0316172 0 -0.0435602 0 -0.0826999 0
1.99 22.8373 0 -0.154961 0.98807 0 0.154006 0 1 0 -0.154006 0 0.98807  -0.029619 0 -0.0457188 0 -0.0824568 0
2 22.837 0 -0.155415 0.988197 0 0.153189 0 1 0 -0.153189 0 0.988197  -0.0268293 0 -0.0458912 0 -0.0826602 0
2.01 22.8368 0 -0.155879 0.988323 0 0.152374 0 1 0 -0.152374 0 0.988323  -0.0243428 0 -0.0467242 0 -0.0825294 0
2.02 22.8366 0 -0.156349 0.988448 0 0.151559 0 1 0 -0.151559 0 0.988448  -0.0217726 0 -0.0473539 0 -0.0823812 0
2.03 22.8363 0 -0.156834 0.988573 0 0.150745 0 1 0 -0.150745 0 0.988573  -0.019433 0 -0.0490874 0 -0.0822575 0
2.04 22.8362 0 -0.157314 0.988696 0 0.149932 0 1 0 -0.149932 0 0.988696  -0.0163533 0 -0.0482778 0 -0.0822247 0
2.05 22.836 0 -0.157812 0.988819 0 0.149123 0 1 0 -0.149123 0 0.988819  -0.0142349 0 -0.050062 0 -0.0816817 0
2.06 22.8359 0 -0.158307 0.98894 0 0.148316 0 1 0 -0.148316 0 0.98894  -0.0112574 0 -0.0499042 0 -0.0814441 0
2.07 22.8358 0 -0.158811 0.98906 0 0.147513 0 1 0 -0.147513 0 0.98906  -0.00870237 0 -0.0506075 0 -0.0810907 0
2.08 22.8357 0 -0.159317 0.989179 0 0.146713 0 1 0 -0.146713 0 0.989179  -0.00609823 0 -0.0507897 0 -0.0806065 0
2.09 22.8357 0 -0.159829 0.989297 0 0.145918 0 1 0 -0.145918 0 0.989297  -0.0035265 0 -0.0514098 0 -0.0801146 0
2.1 22.8356 0 -0.160343 0.989413 0 0.145129 0 1 0 -0.145129 0 0.989413  -0.000784966 0 -0.0513893 0 -0.0795888 0
2.11 22.8357 0 -0.160858 0.989528 0 0.144343 0 1 0 -0.144343 0 0.989528  0.00192276 0 -0.051581 0 -0.0791419 0
2.12 22.8357 0 -0.161384 0.989641 0 0.143565 0 1 0 -0.143565 0 0.989641  0.004174 0 -0.0529025 0 -0.078345 0
2.13 22.8357 0 -0.161905 0.989753 0 0.142791 0 1 0 -0.142791 0 0.989753  0.00716722 0 -0.0523079 0 -0.0779343 0
2.14 22.8358 0 -0.162442 0.989863 0 0.142023 0 1 0 -0.142023 0 0.989863  0.00948216 0 -0.0539669 0 -0.0772289 0
2.15 22.8359 0 -0.16297 0.989972 0 0.141261 0 1 0 -0.141261 0 0.989972  0.0125265 0 -0.0529977 0 -0.0766734 0
2.16 22.8361 0 -0.163511 0.99008 0 0.140508 0 1 0 -0.140508 0 0.99008  0.0147911 0 -0.0541731 0 -0.0757656 0
2.17 22.8362 0 -0.164049 0.990185 0 0.139761 0 1 0 -0.139761 0 0.990185  0.0175432 0 -0.0540332 0 -0.0750929 0
2.18 22.8364 0 -0.164585 0.990289 0 0.139021 0 1 0 -0.139021 0 0.990289  0.0203102 0 -0.0535427 0 -0.0743368 0
2.19 22.8366 0 -0.165135 0.990392 0 0.138291 0 1 0 -0.138291 0 0.990392  0.0224298 0 -0.0551911 0 -0.0732847 0
2.2 22.8369 0 -0.165672 0.990493 0 0.137566 0 1 0 -0.137566 0 0.990493  0.0255494 0 -0.0538311 0 -0.0727281 0
2.21 22.8371 0 -0.166227 0.990591 0 0.136853 0 1 0 -0.136853 0 0.990591  0.0276212 0 -0.0555575 0 -0.0716341 0
2.22 22.8374 0 -0.16677 0.990689 0 0.136146 0 1 0 -0.136146 0 0.990689  0.0305596 0 -0.054449 0 -0.0708929 0
2.23 22.8377 0 -0.167322 0.990784 0 0.13545 0 1 0 -0.13545 0 0.990784  0.0328661 0 -0.0551288 0 -0.0698285 0
2.24 22.8381 0 -0.167874 0.990878 0 0.134762 0 1 0 -0.134762 0 0.990878  0.0353455 0 -0.0553286 0 -0.0688793 0
2.25 22.8385 0 -0.168422 0.99097 0 0.134084 0 1 0 -0.134084 0 0.99097  0.0380202 0 -0.0548629 0 -0.067993 0
2.26 22.8388 0 -0.168978 0.99106 0 0.133417 0 1 0 -0.133417 0 0.99106  0.0402363 0 -0.055668 0 -0.066833 0
2.27 22.8393 0 -0.169524 0.991148 0 0.132758 0 1 0 -0.132758 0 0.991148  0.0429841 0 -0.0545156 0 -0.0659012 0
2.28 22.8397 0 -0.170079 0.991235 0 0.132112 0 1 0 -0.132112 0 0.991235  0.0450522 0 -0.0554104 0 -0.0646713 0
2.29 22.8402 0 -0.170634 0.99132 0 0.131475 0 1 0 -0.131475 0 0.99132  0.0474958 0 -0.0557143 0 -0.0637847 0
2.3 22.8407 0 -0.171182 0.991403 0 0.130847 0 1 0 -0.130847 0 0.991403  0.0501669 0 -0.054805 0 -0.0628255 0
2.31 22.8412 0 -0.171742 0.991484 0 0.130232 0 1 0 -0.130232 0 0.991484  0.0520525 0 -0.0560587 0 -0.0614553 0
2.32 22.8417 0 -0.172291 0.991563 0 0.129626 0 1 0 -0.129626 0 0.991563  0.0547273 0 -0.054856 0 -0.0605892 0
2.33 22.8423 0 -0.172847 0.99164 0 0.129032 0 1 0 -0.129032 0 0.99164  0.0567405 0 -0.055577 0 -0.0593501 0
2.34 22.8428 0 -0.1734 0.991716 0 0.128449 0 1 0 -0.128449 0 0.991716  0.0590491 0 -0.055335 0 -0.0582404 0
2.35 22.8434 0 -0.173951 0.99179 0 0.127876 0 1 0 -0.127876 0 0.99179  0.0613231 0 -0.0549702 0 -0.0571679 0
2.36 22.8441 0 -0.174505 0.991862 0 0.127316 0 1 0 -0.127316 0 0.991862  0.0632904 0 -0.0553801 0 -0.0559301 0
2.37 22.8447 0 -0.175053 0.991933 0 0.126766 0 1 0 -0.126766 0 0.991933  0.0655748 0 -0.054763 0 -0.0548536 0
2.38 22.8454 0 -0.175603 0.992001 0 0.126228 0 1 0 -0.126228 0 0.992001  0.0675288 0 -0.0549278 0 -0.0536379 0
2.39 22.8461 0 -0.176151 0.992068 0 0.125702 0 1 0 -0.125702 0 0.992068  0.0695662 0 -0.0547207 0 -0.0524875 0
2.4 22.8468 0 -0.176696 0.992133 0 0.125187 0 1 0 -0.125187 0 0.992133  0.0715909 0 -0.0544083 0 -0.0513363 0
2.41 22.8475 0 -0.177241 0.992197 0 0.124684 0 1 0 -0.124684 0 0.992197  0.0734583 0 -0.0544202 0 -0.0501209 0
2.42 22.8482 0 -0.177782 0.992258 0 0.124192 0 1 0 -0.124192 0 0.992258  0.0754011 0 -0.0540512 0 -0.0489814 0
2.43 22.849 0 -0.178323 0.992318 0 0.123712 0 1 0 -0.123712 0 0.992318  0.0771884 0 -0.0540265 0 -0.0477987 0
2.44 22.8498 0 -0.178861 0.992376 0 0.123243 0 1 0 -0.123243 0 0.992376  0.0790253 0 -0.0536563 0 -0.0466429 0
2.45 22.8506 0 -0.179398 0.992433 0 0.122786 0 1 0 -0.122786 0 0.992433  0.0807104 0 -0.0536591 0 -0.0454505 0
2.46 22.8514 0 -0.179931 0.992488 0 0.122341 0 1 0 -0.122341 0 0.992488  0.0824721 0 -0.0531734 0 -0.0443187 0
2.47 22.8522 0 -0.180464 0.992542 0 0.121907 0 1 0 -0.121907 0 0.992542  0.0840339 0 -0.0530982 0 -0.0431298 0
2.48 22.8531 0 -0.180993 0.992593 0 0.121485 0 1 0 -0.121485 0 0.992593  0.0856353 0 -0.0528508 0 -0.0419402 0
2.49 22.8539 0 -0.181519 0.992644 0 0.121074 0 1 0 -0.121074 0 0.992644  0.087202 0 -0.0524172 0 -0.0408339 0
2.5 22.8548 0 -0.182044 0.992692 0 0.120674 0 1 0 -0.120674 0 0.992692  0.0885985 0 -0.0523562 0 -0.0396625 0
2.51 22.8557 0 -0.182564 0.992739 0 0.120286 0 1 0 -0.120286 0 0.992739  0.0900684 0 -0.0518817 0 -0.0385624 0
2.52 22.8566 0 -0.183082 0.992785 0 0.119909 0 1 0 -0.119909 0 0.992785  0.0913864 0 -0.0516547 0 -0.0374254 0
2.53 22.8575 0 -0.183597 0.992829 0 0.119543 0 1 0 -0.119543 0 0.992829  0.0926801 0 -0.0513133 0 -0.0363187 0
2.54 22.8585 0 -0.184108 0.992872 0 0.119187 0 1 0 -0.119187 0 0.992872  0.0939211 0 -0.0509424 0 -0.0352443 0
2.55 22.8594 0 -0.184616 0.992913 0 0.118843 0 1 0 -0.118843 0 0.992913  0.095065 0 -0.0507059 0 -0.0341435 0
2.56 22.8604 0 -0.185121 0.992953 0 0.118509 0 1 0 -0.118509 0 0.992953  0.0961893 0 -0.0503366 0 -0.0331017 0
2.57 22.8613 0 -0.185623 0.992992 0 0.118185 0 1 0 -0.118185 0 0.992992  0.0972224 0 -0.0500552 0 -0.0320619 0
2.58 22.8623 0 -0.186122 0.993029 0 0.117872 0 1 0 -0.117872 0 0.993029  0.0982195 0 -0.0497009 0 -0.0310258 0
2.59 22.8633 0 -0.186616 0.993065 0 0.117569 0 1 0 -0.117569 0 0.993065  0.0991494 0 -0.0492221 0 -0.0300408 0
2.6 22.8643 0 -0.187109 0.993099 0 0.117276 0 1 0 -0.117276 0 0.993099  0.0999392 0 -0.0491441 0 -0.0289956 0
2.61 22.8653 0 -0.187596 0.993133 0 0.116992 0 1 0 -0.116992 0 0.993133  0.100846 0 -0.0484986 0 -0.0280674 0
2.62 22.8663 0 -0.188082 0.993165 0 0.116718 0 1 0 -0.116718 0 0.993165  0.101486 0 -0.0484414 0 -0.027071 0
2.63 22.8673 0 -0.188563 0.993196 0 0.116454 0 1 0 -0.116454 0 0.993196  0.102219 0 -0.0479319 0 -0.0261661 0
2.64 22.8683 0 -0.189041 0.993226 0 0.116198 0 1 0 -0.116198 0 0.993226  0.10282 0 -0.0476202 0 -0.0252449 0
2.65 22.8694 0 -0.189515 0.993255 0 0.115952 0 1 0 -0.115952 0 0.993255  0.103389 0 -0.0471576 0 -0.0242976 0
2.66 22.8704 0 -0.189985 0.993282 0 0.115715 0 1 0 -0.115715 0 0.993282  0.103865 0 -0.0468539 0 -0.0234419 0
2.67 22.8715 0 -0.190453 0.993309 0 0.115486 0 1 0 -0.115486 0 0.993309  0.104274 0 -0.0466383 0 -0.0226003 0
2.68 22.8725 0 -0.190913 0.993335 0 0.115265 0 1 0 -0.115265 0 0.993335  0.10479 0 -0.0457639 0 -0.0218026 0
2.69 22.8735 0 -0.191376 0.993359 0 0.115054 0 1 0 -0.115054 0 0.993359  0.104867 0 -0.0461354 0 -0.0209001 0
2.7 22.8746 0 -0.191829 0.993383 0 0.114849 0 1 0 -0.114849 0 0.993383  0.105347 0 -0.0451456 0 -0.0202492 0
2.71 22.8757 0 -0.192283 0.993406 0 0.114652 0 1 0 -0.114652 0 0.993406  0.105399 0 -0.0452318 0 -0.0194116 0
2.72 22.8767 0 -0.192732 0.993428 0 0.114462 0 1 0 -0.114462 0 0.993428  0.105585 0 -0.0447463 0 -0.0187091 0
2.73 22.8778 0 -0.193178 0.993449 0 0.11428 0 1 0 -0.11428 0 0.993449  0.105678 0 -0.0443787 0 -0.0180209 0
2.74 22.8788 0 -0.193621 0.993469 0 0.114104 0 1 0 -0.114104 0 0.993469  0.105648 0 -0.0442061 0 -0.0173093 0
2.75 22.8799 0 -0.194061 0.993488 0 0.113935 0 1 0 -0.113935 0 0.993488  0.105632 0 -0.0438982 0 -0.0166525 0
2.76 22.8809 0 -0.194497 0.993507 0 0.113773 0 1 0 -0.113773 0 0.993507  0.105573 0 -0.0433923 0 -0.0160639 0
2.77 22.882 0 -0.194934 0.993525 0 0.113616 0 1 0 -0.113616 0 0.993525  0.10524 0 -0.0436014 0 -0.0154257 0
2.78 22.883 0 -0.195363 0.993542 0 0.113465 0 1 0 -0.113465 0 0.993542  0.10526 0 -0.0426958 0 -0.0149316 0
2.79 22.8841 0 -0.195793 0.993559 0 0.11332 0 1 0 -0.11332 0 0.993559  0.104837 0 -0.0428839 0 -0.0142928 0
2.8 22.8851 0 -0.196224 0.993574 0 0.11318 0 1 0 -0.11318 0 0.993574  0.104439 0 -0.0430575 0 -0.0138162 0
2.81 22.8862 0 -0.196642 0.99359 0 0.113044 0 1 0 -0.113044 0 0.99359  0.104455 0 -0.041579 0 -0.0134637 0
2.82 22.8872 0 -0.197071 0.993605 0 0.112915 0 1 0 -0.112915 0 0.993605  0.10355 0 -0.0427278 0 -0.0127457 0
2.83 22.8883 0 -0.197485 0.993619 0 0.112788 0 1 0 -0.112788 0 0.993619  0.103462 0 -0.0414005 0 -0.0125147 0
2.84 22.8893 0 -0.197903 0.993633 0 0.112667 0 1 0 -0.112667 0 0.993633  0.102794 0 -0.0416114 0 -0.012026 0
2.85 22.8903 0 -0.19833 0.993646 0 0.112549 0 1 0 -0.112549 0 0.993646  0.101865 0 -0.0428154 0 -0.0116226 0
2.86 22.8913 0 -0.198735 0.993659 0 0.112432 0 1 0 -0.112432 0 0.993659  0.102018 0 -0.0403079 0 -0.0116244 0
2.87 22.8923 0 -0.19916 0.993672 0 0.112323 0 1 0 -0.112323 0 0.993672  0.100512 0 -0.0424692 0 -0.0108688 0
2.88 22.8933 0 -0.199566 0.993684 0 0.112213 0 1 0 -0.112213 0 0.993684  0.100411 0 -0.0405124 0 -0.0108777 0
2.89 22.8943 0 -0.19998 0.993696 0 0.112107 0 1 0 -0.112107 0 0.993696  0.0993474 0 -0.0412706 0 -0.0104909 0
2.9 22.8953 0 -0.200391 0.993708 0 0.112004 0 1 0 -0.112004 0 0.993708  0.0985643 0 -0.0410393 0 -0.0102547 0
2.91 22.8963 0 -0.200782 0.993719 0 0.111902 0 1 0 -0.111902 0 0.993719  0.0982997 0 -0.0386869 0 -0.0101299 0
2.92 22.8973 0 -0.201194 0.99373 0 0.111806 0 1 0 -0.111806 0 0.99373  0.0964541 0 -0.0410668 0 -0.00953432 0
2.93 22.8983 0 -0.201581 0.993741 0 0.111708 0 1 0 -0.111708 0 0.993741  0.0963808 0 -0.0386407 0 -0.00977862 0
2.94 22.8992 0 -0.201979 0.993752 0 0.111614 0 1 0 -0.111614 0 0.993752  0.0949984 0 -0.0396018 0 -0.00940971 0
2.95 22.9002 0 -0.202372 0.993762 0 0.11152 0 1 0 -0.11152 0 0.993762  0.0939847 0 -0.0393163 0 -0.00930307 0
2.96 22.9011 0 -0.202758 0.993773 0 0.111427 0 1 0 -0.111427 0 0.993773  0.0932214 0 -0.0383424 0 -0.00933952 0
2.97 22.902 0 -0.203151 0.993783 0 0.111336 0 1 0 -0.111336 0 0.993783  0.0917456 0 -0.0392718 0 -0.0090915 0
2.98 22.9029 0 -0.203533 0.993793 0 0.111244 0 1 0 -0.111244 0 0.993793  0.0909685 0 -0.0381096 0 -0.00921433 0
2.99 22.9038 0 -0.203919 0.993803 0 0.111154 0 1 0 -0.111154 0 0.993803  0.089611 0 -0.0384736 0 -0.00908053 0
3 22.9047 0 -0.204302 0.993813 0 0.111063 0 1 0 -0.111063 0 0.993813  0.0884418 0 -0.0381917 0 -0.00909554 0
3.01 22.9056 0 -0.204685 0.993823 0 0.110973 0 1 0 -0.110973 0 0.993823  0.087145 0 -0.038289 0 -0.00914031 0
3.02 22.9065 0 -0.205073 0.993834 0 0.110881 0 1 0 -0.110881 0 0.993834  0.0857476 0 -0.0388339 0 -0.00925119 0
3.03 22.9073 0 -0.205449 0.993844 0 0.110788 0 1 0 -0.110788 0 0.993844  0.084806 0 -0.0375249 0 -0.00943684 0
3.04 22.9082 0 -0.205837 0.993854 0 0.110696 0 1 0 -0.110696 0 0.993854  0.0829777 0 -0.0387258 0 -0.00929424 0
3.05 22.909 0 -0.206213 0.993865 0 0.110601 0 1 0 -0.110601 0 0.993865  0.0819845 0 -0.0376028 0 -0.00960489 0
3.06 22.9098 0 -0.206594 0.993876 0 0.110505 0 1 0 -0.110505 0 0.993876  0.080424 0 -0.0379489 0 -0.00966439 0
3.07 22.9106 0 -0.206972 0.993886 0 0.110408 0 1 0 -0.110408 0 0.993886  0.0789764 0 -0.0378645 0 -0.00980458 0
3.08 22.9114 0 -0.207347 0.993897 0 0.11031 0 1 0 -0.11031 0 0.993897  0.0776675 0 -0.0373646 0 -0.0100378 0
3.09 22.9121 0 -0.207725 0.993908 0 0.110209 0 1 0 -0.110209 0 0.993908  0.076013 0 -0.0377302 0 -0.0101656 0
3.1 22.9129 0 -0.208098 0.99392 0 0.110107 0 1 0 -0.110107 0 0.99392  0.074661 0 -0.037225 0 -0.0104383 0
3.11 22.9136 0 -0.208472 0.993931 0 0.110002 0 1 0 -0.110002 0 0.993931  0.073069 0 -0.0373097 0 -0.010624 0
3.12 22.9144 0 -0.208843 0.993943 0 0.109895 0 1 0 -0.109895 0 0.993943  0.071547 0 -0.0371506 0 -0.0108696 0
3.13 22.9151 0 -0.209211 0.993955 0 0.109786 0 1 0 -0.109786 0 0.993955  0.0700981 0 -0.0366266 0 -0.0111378 0
3.14 22.9158 0 -0.209582 0.993968 0 0.109674 0 1 0 -0.109674 0 0.993968  0.0683303 0 -0.0370663 0 -0.0113228 0
3.15 22.9164 0 -0.209936 0.99398 0 0.109559 0 1 0 -0.109559 0 0.99398  0.0672503 0 -0.0351471 0 -0.0117065 0
3.16 22.9171 0 -0.210308 0.993993 0 0.109444 0 1 0 -0.109444 0 0.993993  0.0649574 0 -0.0370292 0 -0.011706 0
3.17 22.9177 0 -0.21066 0.994006 0 0.109323 0 1 0 -0.109323 0 0.994006  0.0639874 0 -0.0352266 0 -0.012318 0
3.18 22.9184 0 -0.211023 0.99402 0 0.109201 0 1 0 -0.109201 0 0.99402  0.0619914 0 -0.0361443 0 -0.0124667 0
3.19 22.919 0 -0.211379 0.994034 0 0.109075 0 1 0 -0.109075 0 0.994034  0.060476 0 -0.0356827 0 -0.0128335 0
3.2 22.9196 0 -0.211735 0.994048 0 0.108945 0 1 0 -0.108945 0 0.994048  0.0588959 0 -0.0355091 0 -0.0132382 0
3.21 22.9202 0 -0.212089 0.994062 0 0.108812 0 1 0 -0.108812 0 0.994062  0.0572407 0 -0.0353019 0 -0.0135334 0
3.22 22.9207 0 -0.212446 0.994077 0 0.108676 0 1 0 -0.108676 0 0.994077  0.0554664 0 -0.0356072 0 -0.0138498 0
3.23 22.9213 0 -0.212796 0.994093 0 0.108535 0 1 0 -0.108535 0 0.994093  0.0540473 0 -0.0349433 0 -0.01435 0
3.24 22.9218 0 -0.213151 0.994108 0 0.108392 0 1 0 -0.108392 0 0.994108  0.052158 0 -0.0354659 0 -0.0146247 0
3.25 22.9223 0 -0.213501 0.994124 0 0.108244 0 1 0 -0.108244 0 0.994124  0.0506615 0 -0.0349823 0 -0.0150888 0
3.26 22.9228 0 -0.213853 0.994141 0 0.108092 0 1 0 -0.108092 0 0.994141  0.0489678 0 -0.035014 0 -0.0154562 0
3.27 22.9233 0 -0.214204 0.994158 0 0.107936 0 1 0 -0.107936 0 0.994158  0.0472932 0 -0.0350882 0 -0.015865 0
3.28 22.9238 0 -0.214559 0.994175 0 0.107777 0 1 0 -0.107777 0 0.994175  0.0456524 0 -0.0354589 0 -0.0162753 0
3.29 22.9242 0 -0.214906 0.994193 0 0.107612 0 1 0 -0.107612 0 0.994193  0.044259 0 -0.0345981 0 -0.0167967 0
3.3 22.9246 0 -0.215261 0.994211 0 0.107445 0 1 0 -0.107445 0 0.994211  0.0422595 0 -0.0354151 0 -0.0170473 0
3.31 22.9251 0 -0.215607 0.99423 0 0.107272 0 1 0 -0.107272 0 0.99423  0.0409743 0 -0.0345507 0 -0.0176162 0
3.32 22.9255 0 -0.21596 0.994249 0 0.107096 0 1 0 -0.107096 0 0.994249  0.0391225 0 -0.0351315 0 -0.0179219 0
3.33 22.9258 0 -0.216306 0.994268 0 0.106914 0 1 0 -0.106914 0 0.994268  0.037742 0 -0.0344655 0 -0.0184324 0
3.34 22.9262 0 -0.216657 0.994288 0 0.10673 0 1 0 -0.10673 0 0.994288  0.0359707 0 -0.0349975 0 -0.0187814 0
3.35 22.9266 0 -0.217006 0.994308 0 0.106541 0 1 0 -0.106541 0 0.994308  0.0344652 0 -0.0347171 0 -0.0192174 0
3.36 22.9269 0 -0.217352 0.994329 0 0.106347 0 1 0 -0.106347 0 0.994329  0.0330875 0 -0.0344112 0 -0.0197859 0
3.37 22.9272 0 -0.217706 0.99435 0 0.10615 0 1 0 -0.10615 0 0.99435  0.0310841 0 -0.035537 0 -0.0200001 0
3.38 22.9275 0 -0.21805 0.994372 0 0.105948 0 1 0 -0.105948 0 0.994372  0.0300049 0 -0.0342219 0 -0.0205834 0
3.39 22.9278 0 -0.218395 0.994394 0 0.105741 0 1 0 -0.105741 0 0.994394  0.0285352 0 -0.0341429 0 -0.0210462 0
3.4 22.9281 0 -0.21875 0.994416 0 0.105532 0 1 0 -0.105532 0 0.994416  0.0264418 0 -0.0357371 0 -0.0212021 0
3.41 22.9284 0 -0.219085 0.994439 0 0.105316 0 1 0 -0.105316 0 0.994439  0.0257674 0 -0.033498 0 -0.0219428 0
3.42 22.9286 0 -0.219436 0.994462 0 0.105098 0 1 0 -0.105098 0 0.994462  0.0238113 0 -0.0348097 0 -0.0221334 0
3.43 22.9288 0 -0.219779 0.994485 0 0.104875 0 1 0 -0.104875 0 0.994485  0.0225656 0 -0.0342731 0 -0.0226162 0
3.44 22.929 0 -0.220121 0.994509 0 0.104648 0 1 0 -0.104648 0 0.994509  0.0212295 0 -0.0339607 0 -0.0230345 0
3.45 22.9292 0 -0.220469 0.994533 0 0.104418 0 1 0 -0.104418 0 0.994533  0.0195453 0 -0.0347004 0 -0.0232909 0
3.46 22.9294 0 -0.220803 0.994558 0 0.104183 0 1 0 -0.104183 0 0.994558  0.0186874 0 -0.0332334 0 -0.023936 0
3.47 22.9296 0 -0.221154 0.994583 0 0.103946 0 1 0 -0.103946 0 0.994583  0.0166945 0 -0.0349779 0 -0.0240235 0
3.48 22.9298 0 -0.22149 0.994608 0 0.103703 0 1 0 -0.103703 0 0.994608  0.015913 0 -0.0334429 0 -0.0246113 0
3.49 22.9299 0 -0.221833 0.994634 0 0.103457 0 1 0 -0.103457 0 0.994634  0.0143716 0 -0.0340458 0 -0.0248811 0
3.5 22.9301 0 -0.222176 0.99466 0 0.103209 0 1 0 -0.103209 0 0.99466  0.0129418 0 -0.034341 0 -0.0251995 0
3.51 22.9302 0 -0.222511 0.994686 0 0.102955 0 1 0 -0.102955 0 0.994686  0.0120616 0 -0.0332089 0 -0.0256769 0
3.52 22.9303 0 -0.222858 0.994712 0 0.1027 0 1 0 -0.1027 0 0.994712  0.0103076 0 -0.0346193 0 -0.0258407 0
3.53 22.9304 0 -0.223213 0.994739 0 0.10244 0 1 0 -0.10244 0 0.994739  0.00900475 0 -0.0359828 -0 -0.0262528 0
3.54 22.9305 0 -0.22354 0.994766 0 0.102175 0 1 0 -0.102175 0 0.994766  0.00886793 0 -0.0324924 -0 -0.0269547 0
3.55 22.9306 0 -0.223901 0.994793 0 0.101911 0 1 0 -0.101911 0 0.994793  0.00626649 0 -0.0359975 -0 -0.0265947 0
3.56 22.9306 0 -0.224231 0.994821 0 0.10164 0 1 0 -0.10164 0 0.994821  0.00619144 0 -0.033142 -0 -0.0273632 0
3.57 22.9307 0 -0.224576 0.994849 0 0.101369 0 1 0 -0.101369 0 0.994849  0.00462595 0 -0.0342305 -0 -0.0274557 0
3.58 22.9307 0 -0.224918 0.994877 0 0.101095 0 1 0 -0.101095 0 0.994877  0.00341118 0 -0.0342963 -0 -0.0276499 0
3.59 22.9308 0 -0.22525 0.994905 0 0.100817 0 1 0 -0.100817 0 0.994905  0.00275503 0 -0.0329392 -0 -0.0280764 0
3.6 22.9308 0 -0.225594 0.994933 0 0.100539 0 1 0 -0.100539 0 0.994933  0.0011108 0 -0.0343445 -0 -0.0280594 0
