*************************Generated by extractMotion.sh**********************
*      Sun Mar 30 13:36:53 MDT 2025 - Case: backup_data/3D_ducky_drop
* Note: Data was extracted from log.overInterDyMFoam using extractLog.sh
*       Can be visualized with plotMotion.py                            
****************************************************************************
Time X(x3) Orientation(x9) dX(x3) dX_angular(x3)
0.01 11.3819 0 0.59978 1 1.25151e-11 -4.83427e-07 -1.25151e-11 1 4.36266e-11 4.83427e-07 -4.36266e-11 1  -0 -0 -0.0439705 -8.72533e-09 -9.66854e-05 -2.50302e-09
0.02 11.3819 0 0.598901 1 -1.46164e-11 -2.42131e-06 1.46173e-11 1 3.6473e-10 2.42131e-06 -3.6473e-10 1  0 0 -0.131869 -4.4405e-08 -0.000290575 2.08979e-09
0.03 11.3819 0 0.597144 1 -2.29831e-10 -6.30707e-06 2.29839e-10 1 1.28009e-09 6.30707e-06 -1.28009e-09 1  0 0 -0.219675 -1.15005e-07 -0.000485736 2.71956e-08
0.04 11.3819 0 0.594508 1 -7.15937e-10 -1.21679e-05 7.15974e-10 1 3.0324e-09 1.21679e-05 -3.0324e-09 1  0 0 -0.307418 -2.13412e-07 -0.000684219 6.14429e-08
0.05 11.3819 0 0.590996 1 -1.52317e-09 -2.00075e-05 1.52329e-09 1 5.88725e-09 2.00075e-05 -5.88728e-09 1  0 0 -0.395149 -3.37307e-07 -0.000883029 9.7173e-08
0.06 11.3819 0 0.586606 1 -2.64379e-09 -2.9838e-05 2.64409e-09 1 1.00265e-08 2.9838e-05 -1.00266e-08 1  0 0 -0.482875 -4.76768e-07 -0.00108252 1.2876e-07
0.07 11.3819 0 0.581338 1 -4.20189e-09 -4.16519e-05 4.20254e-09 1 1.54703e-08 4.16519e-05 -1.54705e-08 1  0 0 -0.570601 -6.11833e-07 -0.00128083 1.74507e-07
0.08 11.3819 0 0.575194 1 -6.24021e-09 -5.54513e-05 6.24147e-09 1 2.27258e-08 5.54513e-05 -2.27261e-08 1  0 0 -0.658325 -8.04456e-07 -0.00147915 2.27044e-07
0.09 11.3819 0 0.568172 1 -8.80871e-09 -7.12376e-05 8.81097e-09 1 3.17931e-08 7.12376e-05 -3.17937e-08 1  0 0 -0.746047 -1.00001e-06 -0.00167788 2.83038e-07
0.1 11.3819 0 0.560273 1 -1.18207e-08 -8.90465e-05 1.18245e-08 1 4.29263e-08 8.90465e-05 -4.29274e-08 1  0 0 -0.83376 -1.21388e-06 -0.0018811 3.26159e-07
0.11 11.3819 0 0.551497 1 -1.53809e-08 -0.000108865 1.5387e-08 1 5.61573e-08 0.000108865 -5.61589e-08 1  0 0 -0.921473 -1.42906e-06 -0.00208288 3.80311e-07
0.12 11.3819 0 0.541843 1 -1.95575e-08 -0.000130709 1.9567e-08 1 7.26888e-08 0.000130709 -7.26914e-08 1  0 0 -1.00918 -1.78891e-06 -0.00228538 4.4625e-07
0.13 11.3819 0 0.531313 1 -2.42029e-08 -0.000154625 2.42172e-08 1 9.23115e-08 0.000154625 -9.23153e-08 1  0 0 -1.09688 -2.12897e-06 -0.00249405 4.9248e-07
0.14 11.3819 0 0.519906 1 -2.9534e-08 -0.000180599 2.95549e-08 1 1.15776e-07 0.000180599 -1.15782e-07 1  0 0 -1.18459 -2.52761e-06 -0.00270097 5.61447e-07
0.15 11.3819 0 0.507621 1 -3.53011e-08 -0.000208701 3.5331e-08 1 1.43302e-07 0.000208701 -1.43309e-07 1  0 0 -1.27227 -2.95347e-06 -0.00291507 6.04464e-07
0.16 11.3819 0 0.49446 1 -4.16761e-08 -0.000238909 4.17178e-08 1 1.74782e-07 0.000238909 -1.74792e-07 1  0 0 -1.35996 -3.3535e-06 -0.00312694 6.62997e-07
0.17 11.3819 0 0.480422 1 -4.84611e-08 -0.000271308 4.85184e-08 1 2.11182e-07 0.000271308 -2.11195e-07 1  0 0 -1.44764 -3.86267e-06 -0.00334756 7.02852e-07
0.18 11.3819 0 0.465508 1 -5.57026e-08 -0.000305869 5.57798e-08 1 2.52507e-07 0.000305869 -2.52524e-07 1  0 0 -1.53531 -4.38231e-06 -0.0035652 7.45049e-07
0.19 11.3819 0 0.449716 1 -6.29787e-08 -0.000342686 6.30816e-08 1 3.00442e-07 0.000342686 -3.00464e-07 1  0 0 -1.62297 -5.08776e-06 -0.00379255 7.38864e-07
0.2 11.3819 0 0.433048 1 -7.06847e-08 -0.00038174 7.08202e-08 1 3.55001e-07 0.00038174 -3.55028e-07 1  0 0 -1.71063 -5.79699e-06 -0.00401807 7.79746e-07
0.21 11.3819 0 0.415504 1 -7.84153e-08 -0.000423111 7.85912e-08 1 4.15808e-07 0.000423111 -4.15841e-07 1  0 0 -1.79828 -6.41526e-06 -0.00425136 7.83987e-07
0.22 11.3819 0 0.397083 1 -8.57798e-08 -0.000466899 8.60064e-08 1 4.85278e-07 0.000466899 -4.85318e-07 1  0 0 -1.8859 -7.31775e-06 -0.00449741 7.29226e-07
0.23 11.3819 0 0.377782 1 -9.23534e-08 -0.000511473 9.26416e-08 1 5.63365e-07 0.000511473 -5.63412e-07 1  0 0 -1.97402 -8.2438e-06 -0.00453967 6.23165e-07
0.24 11.3819 0 0.357588 1 -1.07183e-07 -0.000552195 1.07579e-07 1 7.17335e-07 0.000552195 -7.17395e-07 1  0 0 -2.06372 -2.15014e-05 -0.00399215 2.29224e-06
0.25 11.3819 0 0.336539 1 -5.77167e-08 -0.00060466 5.80866e-08 1 6.11605e-07 0.00060466 -6.1164e-07 1  0 0 -2.14866 9.31812e-06 -0.00541006 -5.45831e-06
0.26 11.3819 0 0.314618 1 -2.59643e-08 -0.000662566 2.66839e-08 1 1.086e-06 0.000662566 -1.08602e-06 1  0 0 -2.23516 -5.43256e-05 -0.00628479 -4.66767e-06
0.27 11.3819 0 0.291838 1 -3.33995e-08 -0.000733638 3.55747e-08 1 2.96494e-06 0.000733638 -2.96496e-06 1  0 0 -2.32106 -0.000238444 -0.00765518 1.88059e-06
0.28 11.3819 0 0.268216 1 -3.06398e-07 -0.00082994 3.13938e-07 1 9.08563e-06 0.00082994 -9.08589e-06 1  0 0 -2.40475 -0.000764709 -0.0105984 3.57368e-05
0.29 11.3819 0 0.243804 1 -1.5526e-06 -0.000989072 1.57857e-06 1 2.62517e-05 0.000989072 -2.62533e-05 1  0 0 -2.4819 -0.00212514 -0.0182012 0.000158093
0.3 11.3819 0 0.218771 0.999999 -5.27683e-06 -0.00133022 5.37296e-06 1 7.22589e-05 0.00133022 -7.22659e-05 0.999999  0 0 -2.53814 -0.00565342 -0.0404959 0.000466615
0.31 11.3819 0 0.193659 0.999997 -1.5798e-05 -0.00224693 1.62004e-05 1 0.000179094 0.00224693 -0.00017913 0.999997  0 0 -2.52753 -0.0129546 -0.111423 0.0013123
0.32 11.3819 0 0.16945 0.99999 -3.65881e-05 -0.00451854 3.78501e-05 1 0.000279207 0.00451853 -0.000279375 0.99999  0 0 -2.39715 -0.0114374 -0.277716 0.00258482
0.33 11.3819 0 0.146801 0.999964 -6.70508e-05 -0.00854151 7.02688e-05 1 0.000376447 0.00854149 -0.000377033 0.999963  0 0 -2.19523 -0.00931488 -0.486131 0.0037283
0.34 11.3819 0 0.125744 0.999901 -0.000108863 -0.0141017 0.000115839 1 0.000493861 0.0141017 -0.000495446 0.9999  0 0 -2.01621 -0.0118476 -0.646179 0.00500043
0.35 11.3819 0 0.105842 0.999786 -0.000160243 -0.0206937 0.000173505 1 0.000639064 0.0206936 -0.000642518 0.999786  0 0 -1.91547 -0.0158175 -0.726188 0.00608122
0.36 11.3819 0 0.0867478 0.999609 -0.00021919 -0.0279525 0.000241789 1 0.000805091 0.0279523 -0.000811535 0.999609  0 0 -1.86229 -0.0181831 -0.764277 0.00691225
0.37 11.3819 0 0.0682306 0.999365 -0.000283882 -0.0356226 0.000319173 0.999999 0.000985027 0.0356223 -0.000995772 0.999365  0 0 -1.82273 -0.0191555 -0.788147 0.00756239
0.38 11.3819 0 0.0501856 0.999052 -0.000352784 -0.0435416 0.000404178 0.999999 0.00117155 0.0435412 -0.00118804 0.999051  0 0 -1.78218 -0.0193987 -0.805113 0.00807948
0.39 11.3819 0 0.0325552 0.998668 -0.00042447 -0.0516041 0.000495299 0.999999 0.00135975 0.0516035 -0.0013835 0.998667  0 0 -1.7422 -0.0193617 -0.815174 0.00846283
0.4 11.3819 0 0.0153201 0.998214 -0.000498187 -0.0597344 0.000591637 0.999999 0.00154674 0.0597336 -0.00157932 0.998213  0 0 -1.70339 -0.0192012 -0.818612 0.00878173
0.41 11.3819 0 -0.0015022 0.997694 -0.000573546 -0.0678708 0.000692533 0.999998 0.00172962 0.0678697 -0.00177263 0.997693  0 0 -1.66204 -0.0187909 -0.816399 0.00907774
0.42 11.3819 0 -0.0179138 0.99711 -0.000649744 -0.0759624 0.000797034 0.999998 0.00190867 0.075961 -0.0019637 0.997109  0 0 -1.62042 -0.01845 -0.809664 0.00928075
0.43 11.3819 0 -0.0339134 0.996471 -0.000726154 -0.0839335 0.000904084 0.999997 0.0020819 0.0839318 -0.00215044 0.996469  0 0 -1.57913 -0.0179292 -0.795068 0.00938592
0.44 11.3819 0 -0.0494777 0.995781 -0.000802237 -0.0917597 0.00101289 0.999997 0.00224916 0.0917576 -0.00233262 0.995779  0 0 -1.53515 -0.017375 -0.778466 0.00942724
0.45 11.3819 0 -0.0645869 0.995048 -0.000877382 -0.0993889 0.00112255 0.999996 0.00241091 0.0993864 -0.00251054 0.995046  0 0 -1.48851 -0.0169054 -0.757437 0.00939073
0.46 11.3819 0 -0.0792312 0.994283 -0.000950837 -0.106776 0.00123178 0.999996 0.00256523 0.106773 -0.00268209 0.99428  0 0 -1.44112 -0.0162034 -0.731468 0.00924816
0.47 11.3819 0 -0.0933902 0.993492 -0.00102173 -0.113899 0.00133931 0.999995 0.00271178 0.113896 -0.00284667 0.993489  0 0 -1.39188 -0.0154103 -0.703737 0.00899024
0.48 11.3819 0 -0.106986 0.992684 -0.00108931 -0.120741 0.00144413 0.999995 0.00285123 0.120737 -0.00300473 0.99268  0 0 -1.33323 -0.0147252 -0.674992 0.00864107
0.49 11.3819 0 -0.120075 0.991868 -0.00115336 -0.127266 0.00154554 0.999994 0.00298286 0.127262 -0.00315529 0.991864  0 0 -1.28145 -0.0139674 -0.642672 0.00826335
0.5 11.3819 0 -0.132571 0.991051 -0.00121388 -0.133475 0.0016431 0.999994 0.00310567 0.13347 -0.00329719 0.991047  0 0 -1.22193 -0.0130546 -0.610348 0.00789154
0.51 11.3819 0 -0.144442 0.990241 -0.00127095 -0.139357 0.00173649 0.999993 0.00321909 0.139352 -0.00342967 0.990237  0 0 -1.15677 -0.0120603 -0.577555 0.00752224
0.52 11.3819 0 -0.155648 0.989444 -0.00132506 -0.144912 0.00182567 0.999993 0.00332166 0.144906 -0.00355115 0.989439  0 0 -1.08787 -0.010908 -0.544854 0.00719922
0.53 11.3819 0 -0.166164 0.988665 -0.0013762 -0.150131 0.00191062 0.999992 0.00341556 0.150125 -0.00366369 0.98866  0 0 -1.0172 -0.0100427 -0.51121 0.00684813
0.54 11.3819 0 -0.175984 0.987913 -0.00142492 -0.155005 0.00199159 0.999992 0.00350059 0.154999 -0.00376698 0.987907  0 0 -0.946939 -0.00920487 -0.476205 0.00653599
0.55 11.3819 0 -0.185086 0.987192 -0.00147202 -0.159532 0.0020687 0.999991 0.00357424 0.159525 -0.00385849 0.987186  0 0 -0.874782 -0.00799813 -0.440951 0.00631488
0.56 11.3819 0 -0.193448 0.986508 -0.00151797 -0.163708 0.00214236 0.999991 0.00363758 0.163701 -0.00393922 0.986502  0 0 -0.79975 -0.00688519 -0.40561 0.00613744
0.57 11.3819 0 -0.20108 0.985866 -0.00156396 -0.167526 0.00221258 0.999991 0.00368517 0.167519 -0.00400375 0.985861  -0 -0 -0.726139 -0.00518663 -0.369407 0.00606575
0.58 11.3819 0 -0.207873 0.985272 -0.00161038 -0.170988 0.00228033 0.99999 0.00372179 0.170981 -0.00405689 0.985266  -0 -0 -0.640057 -0.00405863 -0.333306 0.0060213
0.59 11.3819 0 -0.213904 0.984729 -0.00165761 -0.174084 0.0023453 0.99999 0.00374474 0.174076 -0.00409583 0.984724  -0 -0 -0.562512 -0.00275711 -0.296014 0.00598162
0.6 11.3819 0 -0.219164 0.984243 -0.00170648 -0.176813 0.00240835 0.99999 0.003755 0.176805 -0.00412166 0.984237  -0 -0 -0.487176 -0.00147886 -0.25868 0.00602219
0.61 11.3819 0 -0.223646 0.983817 -0.00175778 -0.179165 0.00246978 0.99999 0.00375104 0.179157 -0.00413284 0.983812  -0 -0 -0.409834 -3.55053e-05 -0.220115 0.00614896
0.62 11.3819 0 -0.227327 0.983455 -0.00181174 -0.181142 0.00252999 0.99999 0.00373413 0.181133 -0.00413063 0.98345  -0 -0 -0.328703 0.0012569 -0.181798 0.00628712
0.63 11.3819 0 -0.230238 0.983155 -0.00186933 -0.182767 0.00259008 0.99999 0.00370495 0.182758 -0.00411591 0.983149  -0 -0 -0.251557 0.00239726 -0.146672 0.00652857
0.64 11.3819 0 -0.232368 0.982918 -0.00193097 -0.184036 0.00264999 0.99999 0.00366105 0.184027 -0.00408621 0.982913  -0 -0 -0.174156 0.00385788 -0.111223 0.00681772
0.65 11.3819 0 -0.233716 0.982745 -0.00199666 -0.184957 0.00271012 0.99999 0.00360473 0.184948 -0.00404379 0.98274  -0 -0 -0.0958142 0.00509068 -0.0759831 0.00708633
0.66 11.3819 0 -0.234314 0.982633 -0.00206644 -0.18555 0.0027706 0.99999 0.00353578 0.185541 -0.00398845 0.982628  -0 -0 -0.0214104 0.00627106 -0.0431177 0.00735762
0.67 11.3819 0 -0.234167 0.98258 -0.00214031 -0.185828 0.00283164 0.99999 0.00345496 0.185819 -0.00392098 0.982576  0 0 0.0520294 0.00738943 -0.0119938 0.00763715
0.68 11.3819 0 -0.233276 0.982584 -0.00221821 -0.185806 0.00289333 0.99999 0.00336239 0.185797 -0.00384143 0.982581  0 0 0.126067 0.00851445 0.0177098 0.00792372
0.69 11.3819 0 -0.231661 0.982641 -0.00229983 -0.185501 0.00295591 0.99999 0.0032603 0.185492 -0.00375203 0.982639  0 0 0.198162 0.00938067 0.045747 0.00818363
0.7 11.3819 0 -0.229328 0.982749 -0.00238482 -0.184927 0.00301909 0.99999 0.00314837 0.184918 -0.00365237 0.982747  0 0 0.269374 0.0102868 0.0723541 0.00840964
0.71 11.3819 0 -0.226283 0.982903 -0.00247321 -0.184108 0.00308324 0.999991 0.00302726 0.184099 -0.00354315 0.982901  0 0 0.340046 0.0111676 0.0962962 0.00866237
0.72 11.3819 0 -0.222514 0.983098 -0.00256468 -0.18306 0.0031482 0.999991 0.00289706 0.183051 -0.00342441 0.983098  0 0 0.412756 0.0120475 0.118513 0.00890018
0.73 11.3819 0 -0.218023 0.983331 -0.00265892 -0.181803 0.00321409 0.999991 0.00275912 0.181794 -0.00329746 0.983331  0 0 0.485321 0.0127712 0.138766 0.00911205
0.74 11.3819 0 -0.212827 0.983595 -0.00275582 -0.180367 0.00328106 0.999991 0.00261379 0.180359 -0.00316271 0.983596  0 0 0.555392 0.013443 0.155683 0.00933073
0.75 11.3819 0 -0.206969 0.983889 -0.00285465 -0.178756 0.0033489 0.999991 0.0024632 0.178748 -0.00302215 0.98389  0 0 0.619986 0.0138954 0.172541 0.00947476
0.76 11.3819 0 -0.20043 0.984207 -0.00295576 -0.176999 0.00341813 0.999991 0.00230746 0.17699 -0.00287603 0.984208  0 0 0.687176 0.0143342 0.186628 0.00967513
0.77 11.3819 0 -0.193246 0.984546 -0.00305887 -0.175098 0.00348859 0.999992 0.0021464 0.17509 -0.00272407 0.984549  0 0 0.751134 0.0148543 0.200349 0.00987052
0.78 11.3819 0 -0.185472 0.984907 -0.00316368 -0.173055 0.00356028 0.999992 0.00198138 0.173048 -0.0025676 0.98491  0 0 0.808386 0.0152293 0.214462 0.0100257
0.79 11.3819 0 -0.177133 0.985287 -0.00326886 -0.170879 0.003633 0.999992 0.00181834 0.170871 -0.00241239 0.98529  0 0 0.862498 0.014864 0.227975 0.0100219
0.8 11.3819 0 -0.168228 0.985683 -0.00337516 -0.168574 0.00370739 0.999992 0.00165609 0.168567 -0.00225735 0.985688  0 0 0.918241 0.014621 0.240513 0.0101177
0.81 11.3819 0 -0.158821 0.986094 -0.00348227 -0.166152 0.00378274 0.999992 0.00149194 0.166146 -0.00209971 0.986099  0 0 0.967288 0.0149103 0.251733 0.0102273
0.82 11.3819 0 -0.148961 0.986519 -0.00358993 -0.16361 0.00385925 0.999992 0.00132831 0.163603 -0.00194181 0.986524  0 0 1.01004 0.0149386 0.263678 0.0102943
0.83 11.3819 0 -0.138742 0.986956 -0.00369868 -0.160946 0.00393715 0.999992 0.00116278 0.160941 -0.00178128 0.986962  0 0 1.04197 0.0151281 0.275899 0.0104283
0.84 11.3819 0 -0.128128 0.987406 -0.00380837 -0.158158 0.004017 0.999991 0.000999487 0.158153 -0.00162222 0.987413  0 0 1.07926 0.0148414 0.288682 0.0105559
0.85 11.3819 0 -0.117176 0.987865 -0.0039186 -0.155263 0.00409835 0.999991 0.00083761 0.155259 -0.00146377 0.987873  0 0 1.1128 0.0146135 0.299085 0.0106314
0.86 11.3819 0 -0.105904 0.98833 -0.00402978 -0.152274 0.0041816 0.999991 0.000676798 0.15227 -0.00130565 0.988338  0 0 1.14324 0.0145302 0.307577 0.0107566
0.87 11.3819 0 -0.0944003 0.9888 -0.00414179 -0.149192 0.00426674 0.999991 0.00051749 0.149189 -0.00114826 0.988808  0 0 1.16392 0.0144121 0.316225 0.0108847
0.88 11.3819 0 -0.0826656 0.98927 -0.00425487 -0.146037 0.00435395 0.99999 0.000358818 0.146034 -0.000990807 0.989279  0 0 1.1847 0.0143664 0.322943 0.0110437
0.89 11.3819 0 -0.0708178 0.989744 -0.00436912 -0.142785 0.00444351 0.99999 0.000202096 0.142783 -0.000834491 0.989754  0 0 1.19327 0.0141616 0.332649 0.0112114
0.9 11.3819 0 -0.0588176 0.990214 -0.00448467 -0.139485 0.00453551 0.99999 4.65822e-05 0.139483 -0.00067876 0.990224  0 0 1.20636 0.0140235 0.336957 0.0113965
0.91 11.3819 0 -0.0467272 0.99068 -0.0046015 -0.136132 0.00463008 0.999989 -0.000106727 0.136131 -0.000524571 0.990691  0 0 1.21477 0.013799 0.340772 0.0115763
0.92 11.3819 0 -0.0345832 0.991139 -0.0047197 -0.132745 0.00472742 0.999989 -0.000257068 0.132745 -0.000372751 0.99115  0 0 1.21806 0.0134667 0.343612 0.0117657
0.93 11.3819 0 -0.0224233 0.99159 -0.00483947 -0.129329 0.00482748 0.999988 -0.000406191 0.129329 -0.000221557 0.991602  0 0 1.21744 0.0133655 0.345967 0.0119795
0.94 11.3819 0 -0.010303 0.992032 -0.00496062 -0.125889 0.00493028 0.999988 -0.000552621 0.125891 -7.24514e-05 0.992044  0 0 1.21115 0.0131262 0.347866 0.0121722
0.95 11.3819 0 0.00175251 0.992463 -0.00508286 -0.12244 0.00503554 0.999987 -0.000695902 0.122442 7.41028e-05 0.992476  0 0 1.20251 0.0127826 0.348235 0.0123191
0.96 11.3819 0 0.0136961 0.992883 -0.00520606 -0.118982 0.00514316 0.999986 -0.000835683 0.118985 0.000217791 0.992896  0 0 1.18955 0.0124148 0.348674 0.012451
0.97 11.3819 0 0.0254702 0.993292 -0.00533008 -0.115509 0.00525304 0.999986 -0.000971275 0.115512 0.000357989 0.993306  0 0 1.17013 0.0119929 0.350184 0.0125756
0.98 11.3819 0 0.0370545 0.993691 -0.00545515 -0.112016 0.00536542 0.999985 -0.00110245 0.11202 0.000494479 0.993706  0 0 1.1489 0.0115501 0.35238 0.012734
0.99 11.3819 0 0.0483689 0.994083 -0.00558117 -0.108483 0.00548017 0.999984 -0.00122919 0.108489 0.000627405 0.994097  0 0 1.11958 0.0111225 0.35689 0.0128855
1 11.3819 0 0.0593708 0.994468 -0.00570812 -0.104882 0.00559727 0.999983 -0.00135119 0.104888 0.000756661 0.994484  0 0 1.08532 0.0106681 0.364984 0.0130262
1.01 11.3819 0 0.0700248 0.99485 -0.0058358 -0.101191 0.00571653 0.999983 -0.0014686 0.101198 0.000882577 0.994866  0 0 1.04837 0.0102349 0.375332 0.0131463
1.02 11.3819 0 0.0802744 0.995228 -0.00596383 -0.0973947 0.00583753 0.999982 -0.00158172 0.0974023 0.00100563 0.995245  0 0 1.00575 0.00985424 0.386673 0.0132236
1.03 11.3819 0 0.0900914 0.995602 -0.00609184 -0.0934871 0.00595992 0.999981 -0.00169031 0.0934956 0.0011257 0.995619  0 0 0.960315 0.00944812 0.398152 0.0132611
1.04 11.3819 0 0.0994276 0.995971 -0.00621971 -0.089464 0.00608352 0.99998 -0.00179488 0.0894734 0.00124339 0.995988  0 0 0.910367 0.00909766 0.409742 0.0132933
1.05 11.3819 0 0.108245 0.996333 -0.00634723 -0.0853292 0.00620815 0.999979 -0.00189523 0.0853394 0.00135854 0.996351  0 0 0.85641 0.00873554 0.420736 0.0133143
1.06 11.3819 0 0.116524 0.996686 -0.00647432 -0.0810888 0.00633373 0.999978 -0.00199088 0.0810999 0.00147069 0.996705  0 0 0.801295 0.00829642 0.430866 0.013327
1.07 11.3819 0 0.124202 0.997028 -0.00660113 -0.076757 0.00646024 0.999977 -0.00208358 0.076769 0.00158152 0.997048  0 0 0.739247 0.00807675 0.439324 0.013361
1.08 11.3819 0 0.131292 0.997356 -0.00672762 -0.0723542 0.00658764 0.999976 -0.00217308 0.0723671 0.00169069 0.997377  0 0 0.678657 0.00786328 0.445378 0.0133938
1.09 11.3819 0 0.137779 0.997668 -0.00685379 -0.0679019 0.00671579 0.999975 -0.00226044 0.0679157 0.00179916 0.997689  0 0 0.618556 0.0077336 0.449047 0.0134159
1.1 11.3819 0 0.14363 0.997963 -0.00697946 -0.0634114 0.00684446 0.999974 -0.00234597 0.0634261 0.00190718 0.997985  0 0 0.554211 0.0076348 0.451862 0.0134137
1.11 11.3819 0 0.148852 0.998238 -0.00710462 -0.0589053 0.00697354 0.999973 -0.00243051 0.058921 0.00201545 0.998261  0 0 0.490504 0.00762208 0.452494 0.0134056
1.12 11.3819 0 0.15346 0.998492 -0.00722927 -0.0544102 0.00710296 0.999972 -0.00251438 0.0544268 0.00212411 0.998516  0 0 0.42979 0.00764325 0.45 0.013398
1.13 11.3819 0 0.157444 0.998725 -0.00735338 -0.0499458 0.00723266 0.99997 -0.00259731 0.0499634 0.00223276 0.998749  0 0 0.367337 0.00761231 0.445736 0.0133842
1.14 11.3819 0 0.160779 0.998935 -0.00747694 -0.0455215 0.00736255 0.999969 -0.00268001 0.0455401 0.00234201 0.99896  0 0 0.301318 0.00765137 0.441017 0.0133672
1.15 11.3819 0 0.163496 0.999123 -0.00760004 -0.0411767 0.00749261 0.999968 -0.00276278 0.0411964 0.00245183 0.999148  0 0 0.239719 0.00773544 0.431704 0.0133483
1.16 11.3819 0 0.165606 0.999288 -0.00772254 -0.0369391 0.00762259 0.999967 -0.00284587 0.0369599 0.00256227 0.999313  0 0 0.180401 0.00784388 0.419062 0.0133025
1.17 11.3819 0 0.167142 0.99943 -0.00784435 -0.0328472 0.00775235 0.999966 -0.00292733 0.032869 0.00267102 0.999456  0 0 0.124435 0.00769879 0.402599 0.0132305
1.18 11.3819 0 0.168134 0.99955 -0.00796519 -0.0289333 0.00788148 0.999964 -0.00300619 0.0289562 0.00277679 0.999577  0 0 0.0715923 0.00740879 0.382971 0.0131094
1.19 11.3819 0 0.16858 0.99965 -0.00808491 -0.0252073 0.00800972 0.999963 -0.0030823 0.0252313 0.00287931 0.999677  0 0 0.0176229 0.00714304 0.363131 0.0129695
1.2 11.3819 0 0.168486 0.999731 -0.00820352 -0.0216822 0.00813698 0.999962 -0.00315535 0.0217073 0.00297807 0.99976  0 0 -0.0363508 0.00688157 0.342599 0.0128304
1.21 11.3819 0 0.16787 0.999796 -0.00832109 -0.0183791 0.00826315 0.999961 -0.00322624 0.0184052 0.00307372 0.999826  0 0 -0.0881985 0.00673582 0.319682 0.0126903
1.22 11.3819 0 0.166749 0.999847 -0.0084377 -0.0153159 0.00838817 0.999959 -0.00329517 0.0153431 0.00316619 0.999877  0 0 -0.137769 0.00661145 0.294616 0.0125492
1.23 11.3819 0 0.165139 0.999885 -0.00855333 -0.0125087 0.00851189 0.999958 -0.00336252 0.0125369 0.00325566 0.999916  0 0 -0.185592 0.00650924 0.268086 0.0123922
1.24 11.3819 0 0.163055 0.999913 -0.00866806 -0.00996667 0.00863426 0.999957 -0.0034287 0.00999596 0.00334235 0.999944  0 0 -0.232372 0.00644257 0.240949 0.0122355
1.25 11.3819 0 0.160513 0.999932 -0.00878199 -0.00770223 0.00875529 0.999956 -0.00349385 0.00773257 0.00342618 0.999964  0 0 -0.277294 0.00638073 0.212729 0.0120845
1.26 11.3819 0 0.15753 0.999944 -0.00889513 -0.0057204 0.00887486 0.999954 -0.0035578 0.00575178 0.00350683 0.999977  0 0 -0.320688 0.00628141 0.184059 0.0119237
1.27 11.3819 0 0.154118 0.999951 -0.00900752 -0.00402603 0.00899296 0.999953 -0.0036194 0.00405844 0.00358302 0.999985  0 0 -0.362801 0.0060317 0.155065 0.0117598
1.28 11.3819 0 0.150297 0.999955 -0.00911923 -0.00262813 0.00910953 0.999952 -0.00367864 0.00266155 0.00365454 0.99999  0 0 -0.402864 0.00577544 0.125111 0.0115956
1.29 11.3819 0 0.1461 0.999956 -0.00923038 -0.00154405 0.00922456 0.99995 -0.00373499 0.00157845 0.00372058 0.999992  0 0 -0.439245 0.00548412 0.0930801 0.0114336
1.3 11.3819 0 0.141565 0.999956 -0.00934125 -0.000791075 0.00933819 0.999949 -0.00378644 0.000826405 0.00377888 0.999993  0 0 -0.471142 0.00494616 0.0590494 0.011293
1.31 11.3819 0 0.136701 0.999955 -0.00945201 -0.000362364 0.00945056 0.999948 -0.0038342 0.000398586 0.0038306 0.999993  0 0 -0.502566 0.00454859 0.0262603 0.0111714
1.32 11.3819 0 0.131507 0.999954 -0.0095627 -0.000244287 0.00956168 0.999947 -0.00387955 0.000281373 0.00387704 0.999992  0 0 -0.535521 0.00437469 -0.00422749 0.0110523
1.33 11.3819 0 0.126004 0.999953 -0.00967359 -0.000444474 0.00967178 0.999946 -0.00392174 0.000482387 0.00391725 0.999992  0 0 -0.566316 0.00409399 -0.0356588 0.0109553
1.34 11.3819 0 0.120224 0.999952 -0.00978474 -0.000974363 0.00978081 0.999944 -0.003961 0.00101307 0.00395128 0.999992  0 0 -0.592713 0.00377749 -0.069089 0.0108545
1.35 11.3819 0 0.114215 0.999949 -0.00989604 -0.0018546 0.00988857 0.999943 -0.00399461 0.00189402 0.00397607 0.99999  0 0 -0.61335 0.00312599 -0.105101 0.0107245
1.36 11.3819 0 0.107978 0.999945 -0.0100073 -0.00307126 0.00999486 0.999942 -0.00402319 0.00311134 0.00399227 0.999987  0 0 -0.634515 0.00253961 -0.139078 0.0105661
1.37 11.3819 0 0.101531 0.999938 -0.0101184 -0.00462117 0.0100997 0.999941 -0.00404688 0.00466184 0.00399996 0.999981  0 0 -0.655285 0.00205466 -0.171875 0.0104135
1.38 11.3819 0 0.0948984 0.999927 -0.0102293 -0.00650704 0.010203 0.99994 -0.00406601 0.00654824 0.00399932 0.999971  0 0 -0.67317 0.00161265 -0.205229 0.0102647
1.39 11.3819 0 0.0881316 0.999908 -0.0103404 -0.00874519 0.010305 0.999939 -0.00407947 0.00878683 0.00398898 0.999953  0 0 -0.684602 0.00100851 -0.240957 0.0101412
1.4 11.3819 0 0.0812343 0.999881 -0.0104516 -0.0113202 0.0104059 0.999937 -0.00408931 0.0113623 0.00397103 0.999928  0 0 -0.695935 0.000631554 -0.274875 0.0100452
1.41 11.3819 0 0.0742247 0.999843 -0.0105632 -0.0142251 0.0105059 0.999936 -0.00409594 0.0142675 0.00394585 0.99989  0 0 -0.706625 0.00034816 -0.307289 0.009954
1.42 11.3819 0 0.0671366 0.999791 -0.010675 -0.0174493 0.010605 0.999935 -0.00409818 0.017492 0.00391227 0.999839  0 0 -0.713487 -0.000125917 -0.338605 0.0098742
1.43 11.3819 0 0.060003 0.999721 -0.0107872 -0.0209998 0.0107034 0.999934 -0.00409658 0.0210427 0.00387067 0.999771  0 0 -0.716299 -0.000576621 -0.371119 0.00979533
1.44 11.3819 0 0.0528194 0.999632 -0.0108994 -0.0248476 0.0108011 0.999933 -0.00409023 0.0248905 0.00382034 0.999683  0 0 -0.720354 -0.00110679 -0.400484 0.00970235
1.45 11.3819 0 0.0456211 0.999519 -0.0110115 -0.028988 0.0108977 0.999932 -0.00407944 0.0290309 0.00376157 0.999571  0 0 -0.721229 -0.00159875 -0.428924 0.00958457
1.46 11.3819 0 0.0384417 0.99938 -0.0111233 -0.0334123 0.0109936 0.999931 -0.00406332 0.0334552 0.00369348 0.999433  0 0 -0.717745 -0.00218254 -0.456926 0.0094735
1.47 11.3819 0 0.031297 0.99921 -0.0112346 -0.0381136 0.0110885 0.99993 -0.00404235 0.0381564 0.00361654 0.999265  0 0 -0.71277 -0.00272091 -0.484423 0.00935093
1.48 11.3819 0 0.0241981 0.999008 -0.0113452 -0.0430636 0.0111825 0.999929 -0.0040159 0.0431061 0.00353036 0.999064  0 0 -0.707514 -0.00331624 -0.508589 0.00923262
1.49 11.3819 0 0.0171793 0.99877 -0.0114548 -0.0482485 0.0112757 0.999928 -0.00398379 0.0482906 0.00343485 0.998827  0 0 -0.698621 -0.00394378 -0.531036 0.00909798
1.5 11.3819 0 0.0102624 0.998493 -0.0115633 -0.0536488 0.0113679 0.999928 -0.00394555 0.0536905 0.00332973 0.998552  0 0 -0.687003 -0.00461944 -0.551822 0.00895402
1.51 11.3819 0 0.00346537 0.998175 -0.0116705 -0.0592477 0.0114594 0.999927 -0.00390202 0.0592889 0.00321596 0.998236  0 0 -0.673845 -0.00518463 -0.571059 0.00881953
1.52 11.3819 0 -0.00319256 0.997814 -0.0117762 -0.0650278 0.0115501 0.999926 -0.00385248 0.0650684 0.00309298 0.997876  0 0 -0.659066 -0.00582136 -0.588578 0.00867535
1.53 11.3819 0 -0.0096994 0.997409 -0.0118798 -0.0709523 0.0116397 0.999925 -0.00379706 0.0709921 0.00296136 0.997472  0 0 -0.643263 -0.0064648 -0.601956 0.00849035
1.54 11.3819 0 -0.0160368 0.996959 -0.0119811 -0.0770003 0.0117282 0.999924 -0.00373555 0.0770393 0.00282111 0.997024  0 0 -0.625613 -0.00712275 -0.613049 0.00828615
1.55 11.3819 0 -0.0221735 0.996464 -0.0120793 -0.0831537 0.0118152 0.999923 -0.00366762 0.0831917 0.00267217 0.99653  0 0 -0.604319 -0.00781157 -0.622865 0.00801459
1.56 11.3819 0 -0.0280875 0.995923 -0.0121738 -0.0893833 0.0119002 0.999923 -0.00359338 0.0894202 0.00251505 0.995991  0 0 -0.580542 -0.00847752 -0.629814 0.00769385
1.57 11.3819 0 -0.0338071 0.995339 -0.0122642 -0.095655 0.0119832 0.999922 -0.00351179 0.0956907 0.00234917 0.995408  0 0 -0.561045 -0.00925817 -0.632872 0.00735356
1.58 11.3819 0 -0.0392824 0.994713 -0.0123504 -0.101953 0.0120642 0.999921 -0.00342285 0.101987 0.00217476 0.994783  0 0 -0.53647 -0.0100456 -0.634519 0.0070232
1.59 11.3819 0 -0.0445003 0.994046 -0.0124323 -0.108251 0.0121434 0.999921 -0.00332782 0.108283 0.00199347 0.994118  0 0 -0.509301 -0.0106478 -0.633817 0.00672155
1.6 11.3819 0 -0.0494705 0.993342 -0.0125103 -0.11452 0.0122211 0.99992 -0.00322776 0.114552 0.00180671 0.993416  0 0 -0.484064 -0.0111016 -0.630221 0.00646248
1.61 11.3819 0 -0.0541795 0.992604 -0.0125846 -0.120739 0.0122976 0.99992 -0.00312239 0.120769 0.0016145 0.992679  0 0 -0.458047 -0.0116272 -0.624242 0.00623876
1.62 11.3819 0 -0.0586067 0.991837 -0.0126554 -0.126883 0.0123732 0.999919 -0.00301141 0.126911 0.00141686 0.991913  0 0 -0.429193 -0.012238 -0.615997 0.00602879
1.63 11.3819 0 -0.0627378 0.991043 -0.0127231 -0.132935 0.0124487 0.999918 -0.00289523 0.132961 0.00121443 0.991121  0 0 -0.398549 -0.0127991 -0.606111 0.00587972
1.64 11.3819 0 -0.0665641 0.990229 -0.0127883 -0.138864 0.0125243 0.999918 -0.00277523 0.138888 0.00100894 0.990308  0 0 -0.367386 -0.0131718 -0.59316 0.00580037
1.65 11.3819 0 -0.0700876 0.9894 -0.0128514 -0.144649 0.0126002 0.999917 -0.00265225 0.144671 0.000801521 0.989479  0 0 -0.336992 -0.0134392 -0.577705 0.0057409
1.66 11.3819 0 -0.0732898 0.98856 -0.0129127 -0.150274 0.0126769 0.999916 -0.00252645 0.150294 0.000592531 0.988641  0 0 -0.304601 -0.0137325 -0.56098 0.00570829
1.67 11.3819 0 -0.0761661 0.987716 -0.0129724 -0.155718 0.0127546 0.999916 -0.00239813 0.155736 0.000382553 0.987799  0 0 -0.271406 -0.0140261 -0.542319 0.0056977
1.68 11.3819 0 -0.0787197 0.986874 -0.0130305 -0.160963 0.012833 0.999915 -0.00226671 0.160979 0.000171325 0.986958  0 0 -0.238986 -0.0143872 -0.52169 0.00565088
1.69 11.3819 0 -0.0809484 0.98604 -0.0130873 -0.165995 0.0129124 0.999914 -0.00213296 0.166008 -4.02044e-05 0.986124  0 0 -0.206621 -0.0146634 -0.49956 0.00563773
1.7 11.3819 0 -0.0828456 0.985219 -0.0131429 -0.170797 0.0129927 0.999914 -0.00199689 0.170808 -0.000251746 0.985304  0 0 -0.173355 -0.0149125 -0.476004 0.00562667
1.71 11.3819 0 -0.0844086 0.984417 -0.0131974 -0.175354 0.0130741 0.999913 -0.00185868 0.175363 -0.00046287 0.984504  0 0 -0.139633 -0.0151553 -0.450691 0.00561532
1.72 11.3819 0 -0.0856462 0.983641 -0.0132509 -0.179654 0.0131562 0.999912 -0.00171863 0.179661 -0.000673066 0.983728  0 0 -0.107173 -0.0153662 -0.424329 0.00559327
1.73 11.3819 0 -0.0865561 0.982895 -0.0133037 -0.183688 0.0132392 0.999911 -0.00157741 0.183693 -0.000881453 0.982983  0 0 -0.0746668 -0.0154934 -0.396912 0.00558804
1.74 11.3819 0 -0.0871324 0.982185 -0.0133558 -0.187441 0.013323 0.99991 -0.00143505 0.187443 -0.00108779 0.982275  0 0 -0.0411657 -0.0156212 -0.368065 0.00559161
1.75 11.3819 0 -0.0873819 0.981517 -0.0134075 -0.190904 0.0134076 0.999909 -0.00129159 0.190904 -0.00129184 0.981608  0 0 -0.00840713 -0.0157628 -0.338162 0.00559541
1.76 11.3819 0 -0.087302 0.980897 -0.0134593 -0.194064 0.013493 0.999908 -0.00114801 0.194062 -0.00149243 0.980988  0 0 0.0244362 -0.0157891 -0.306936 0.00563115
1.77 11.3819 0 -0.0869153 0.980326 -0.0135114 -0.19692 0.0135795 0.999907 -0.00100445 0.196916 -0.00168939 0.980419  0 0 0.0545898 -0.0157922 -0.275732 0.005696
1.78 11.3819 0 -0.0862183 0.979811 -0.0135641 -0.199465 0.0136671 0.999906 -0.000860821 0.199458 -0.00188267 0.979904  0 0 0.0850465 -0.0158317 -0.24399 0.00577236
1.79 11.3819 0 -0.0852147 0.979354 -0.0136179 -0.201696 0.013756 0.999905 -0.000717354 0.201686 -0.00207197 0.979448  0 0 0.11564 -0.0158582 -0.211719 0.00586807
1.8 11.3819 0 -0.0839174 0.978956 -0.013673 -0.203611 0.0138462 0.999904 -0.000574196 0.203599 -0.00225712 0.979052  0 0 0.144756 -0.0158611 -0.179501 0.00598451
1.81 11.3819 0 -0.0823295 0.978622 -0.0137298 -0.205206 0.0139378 0.999903 -0.000431922 0.205192 -0.00243744 0.978719  0 0 0.17337 -0.0157939 -0.146748 0.00612252
1.82 11.3819 0 -0.0804592 0.978353 -0.0137886 -0.206482 0.014031 0.999902 -0.000290351 0.206466 -0.00261308 0.97845  0 0 0.201272 -0.0157511 -0.114098 0.00626811
1.83 11.3819 0 -0.0783227 0.978151 -0.0138494 -0.207433 0.0141255 0.9999 -0.000149861 0.207414 -0.00278351 0.978249  0 0 0.227316 -0.0156768 -0.0806404 0.00641491
1.84 11.3819 0 -0.0759208 0.978017 -0.0139125 -0.208061 0.0142216 0.999899 -1.01984e-05 0.20804 -0.00294899 0.978116  0 0 0.253382 -0.0156311 -0.0476134 0.00657363
1.85 11.3819 0 -0.073267 0.97795 -0.0139782 -0.208369 0.0143192 0.999897 0.000127864 0.208346 -0.00310872 0.97805  0 0 0.278211 -0.0154943 -0.0151474 0.00674377
1.86 11.3819 0 -0.0703781 0.977951 -0.0140466 -0.208362 0.014418 0.999896 0.000264206 0.208337 -0.00326255 0.978052  0 0 0.301025 -0.0153279 0.0169827 0.00691097
1.87 11.3819 0 -0.0672671 0.978018 -0.0141175 -0.208044 0.0145181 0.999895 0.00039878 0.208016 -0.00341042 0.978119  0 0 0.322401 -0.0151684 0.0485602 0.0070665
1.88 11.3819 0 -0.063965 0.97815 -0.0141913 -0.207415 0.0146193 0.999893 0.000530779 0.207385 -0.00355144 0.978253  0 0 0.340401 -0.0149162 0.0801402 0.00723452
1.89 11.3819 0 -0.0604771 0.978345 -0.014268 -0.206486 0.0147216 0.999891 0.000660169 0.206454 -0.00368567 0.978449  0 0 0.357992 -0.0146517 0.110451 0.00740562
1.9 11.3819 0 -0.056826 0.978602 -0.0143475 -0.205263 0.0148246 0.99989 0.000786699 0.205229 -0.00381281 0.978707  0 0 0.373634 -0.0143694 0.14019 0.00756303
1.91 11.3819 0 -0.0530286 0.978916 -0.0144299 -0.203753 0.0149285 0.999888 0.000910016 0.203717 -0.00393255 0.979022  0 0 0.387367 -0.0140448 0.168973 0.00771718
1.92 11.3819 0 -0.0491116 0.979286 -0.0145151 -0.201963 0.0150329 0.999886 0.00103025 0.201926 -0.00404501 0.979393  0 0 0.398191 -0.0137337 0.197127 0.00786122
1.93 11.3819 0 -0.0450752 0.979706 -0.0146031 -0.199908 0.0151379 0.999885 0.00114695 0.199868 -0.00414986 0.979814  0 0 0.409387 -0.0133727 0.22366 0.00800879
1.94 11.3819 0 -0.0409459 0.980173 -0.0146938 -0.197596 0.0152432 0.999883 0.00125999 0.197555 -0.00424702 0.980283  0 0 0.418093 -0.012987 0.249046 0.00815102
1.95 11.3819 0 -0.0367342 0.980683 -0.014787 -0.195046 0.015349 0.999881 0.00136983 0.195003 -0.00433712 0.980793  0 0 0.425464 -0.0126628 0.272541 0.00827675
1.96 11.3819 0 -0.0324861 0.981231 -0.014883 -0.192261 0.015455 0.999879 0.00147557 0.192216 -0.00441927 0.981343  0 0 0.427642 -0.0122381 0.295771 0.00842101
1.97 11.3819 0 -0.0281997 0.981813 -0.0149816 -0.189261 0.0155612 0.999878 0.00157708 0.189214 -0.00449353 0.981926  0 0 0.430222 -0.0117717 0.316875 0.00856355
1.98 11.3819 0 -0.0238927 0.982423 -0.0150827 -0.18606 0.0156676 0.999876 0.00167401 0.186011 -0.00455971 0.982537  0 0 0.431884 -0.0112772 0.336267 0.00870138
1.99 11.3819 0 -0.0195833 0.983057 -0.0151861 -0.182672 0.0157741 0.999874 0.00176613 0.182622 -0.00461769 0.983172  0 0 0.43145 -0.0107618 0.354296 0.0088312
2 11.3819 0 -0.0152995 0.98371 -0.0152918 -0.179113 0.0158805 0.999872 0.00185322 0.179061 -0.00466743 0.983827  0 0 0.427705 -0.010223 0.370743 0.0089541
2.01 11.3819 0 -0.0110633 0.984377 -0.0153996 -0.175399 0.0159869 0.99987 0.00193552 0.175347 -0.00470936 0.984495  0 0 0.421568 -0.00971737 0.385333 0.00906833
2.02 11.3819 0 -0.00688249 0.985054 -0.0155095 -0.171545 0.0160931 0.999868 0.00201213 0.171492 -0.00474276 0.985174  0 0 0.415203 -0.00910645 0.398504 0.00919981
2.03 11.3819 0 -0.00277295 0.985737 -0.0156213 -0.167567 0.0161994 0.999867 0.00208315 0.167512 -0.00476792 0.985858  0 0 0.407608 -0.00849283 0.410072 0.00932737
2.04 11.3819 0 0.00124946 0.986421 -0.015735 -0.163481 0.0163054 0.999865 0.00214811 0.163425 -0.00478457 0.986544  0 0 0.398196 -0.00784343 0.419989 0.00945142
2.05 11.3819 0 0.00515681 0.987103 -0.0158504 -0.159298 0.0164114 0.999863 0.00220674 0.159241 -0.00479257 0.987228  0 0 0.385562 -0.00715802 0.428757 0.00957397
2.06 11.3819 0 0.0089385 0.98778 -0.0159674 -0.155034 0.0165172 0.999861 0.00225884 0.154976 -0.00479197 0.987907  0 0 0.371927 -0.00645854 0.435937 0.00969495
2.07 11.3819 0 0.0125918 0.988448 -0.0160859 -0.150704 0.016623 0.999859 0.0023043 0.150646 -0.00478283 0.988576  0 0 0.358735 -0.00574962 0.44154 0.0098148
2.08 11.3819 0 0.0161009 0.989104 -0.0162057 -0.146322 0.0167285 0.999857 0.00234335 0.146263 -0.00476556 0.989234  0 0 0.344036 -0.00507353 0.445893 0.00991835
2.09 11.3819 0 0.0194545 0.989747 -0.0163266 -0.141899 0.0168339 0.999855 0.00237568 0.14184 -0.00474004 0.989878  0 0 0.327873 -0.00436312 0.448999 0.0100184
2.1 11.3819 0 0.0226377 0.990372 -0.0164484 -0.137449 0.0169392 0.999854 0.00240148 0.137389 -0.00470662 0.990506  0 0 0.310085 -0.00366377 0.450851 0.0101127
2.11 11.3819 0 0.0256455 0.990979 -0.0165711 -0.132985 0.0170442 0.999852 0.00242002 0.132926 -0.00466482 0.991115  0 0 0.291986 -0.00288271 0.451239 0.010212
2.12 11.3819 0 0.0284755 0.991566 -0.0166945 -0.128521 0.0171492 0.99985 0.00243154 0.128461 -0.00461507 0.991704  0 0 0.274035 -0.00212546 0.450404 0.0103039
2.13 11.3819 0 0.0311161 0.992131 -0.0168185 -0.124067 0.017254 0.999848 0.00243578 0.124008 -0.00455726 0.992271  0 0 0.254855 -0.00135238 0.448462 0.01039
2.14 11.3819 0 0.0335621 0.992673 -0.016943 -0.119636 0.0173586 0.999846 0.00243253 0.119576 -0.00449142 0.992815  0 0 0.23495 -0.000553138 0.445381 0.0104749
2.15 11.3819 0 0.0358049 0.993191 -0.0170678 -0.115239 0.0174632 0.999845 0.00242217 0.11518 -0.00441812 0.993335  0 0 0.214247 0.000198138 0.44107 0.0105444
2.16 11.3819 0 0.0378398 0.993684 -0.0171927 -0.110889 0.0175675 0.999843 0.00240419 0.11083 -0.00433705 0.99383  0 0 0.193127 0.00100386 0.435606 0.0106156
2.17 11.3819 0 0.0396737 0.994151 -0.0173176 -0.106599 0.0176718 0.999841 0.0023787 0.106541 -0.00424858 0.994299  0 0 0.173079 0.00180912 0.428663 0.0106796
2.18 11.3819 0 0.0413022 0.994592 -0.0174425 -0.102381 0.0177759 0.999839 0.00234565 0.102323 -0.00415288 0.994743  0 0 0.152707 0.00260771 0.420603 0.0107369
2.19 11.3819 0 0.0427246 0.995007 -0.0175671 -0.0982453 0.01788 0.999837 0.00230482 0.0981889 -0.00404994 0.99516  0 0 0.13199 0.00343234 0.411528 0.0107908
2.2 11.3819 0 0.043942 0.995396 -0.0176914 -0.0942052 0.0179839 0.999836 0.00225647 0.0941498 -0.00394026 0.99555  0 0 0.111443 0.00422493 0.401239 0.0108371
2.21 11.3819 0 0.0449559 0.995758 -0.0178152 -0.0902719 0.0180876 0.999834 0.00220046 0.0902177 -0.00382393 0.995915  0 0 0.0911561 0.00502897 0.389763 0.0108737
2.22 11.3819 0 0.0457682 0.996094 -0.0179384 -0.0864565 0.0181912 0.999832 0.00213699 0.0864037 -0.00370139 0.996253  0 0 0.0711087 0.00581267 0.377225 0.010903
2.23 11.3819 0 0.0463779 0.996405 -0.018061 -0.082769 0.0182947 0.999831 0.00206591 0.0827176 -0.00357272 0.996567  0 0 0.0508829 0.00660992 0.363746 0.0109259
2.24 11.3819 0 0.0467884 0.996691 -0.0181827 -0.0792204 0.0183979 0.999829 0.00198746 0.0791707 -0.00343838 0.996855  0 0 0.0310051 0.00738397 0.349194 0.0109373
2.25 11.3819 0 0.0470018 0.996953 -0.0183035 -0.0758205 0.0185009 0.999827 0.0019015 0.0757725 -0.00329846 0.99712  0 0 0.0114294 0.00816985 0.333666 0.0109419
2.26 11.3819 0 0.0470225 0.997192 -0.0184233 -0.0725797 0.0186036 0.999825 0.00180812 0.0725337 -0.00315329 0.997361  0 0 -0.00766191 0.00894842 0.317123 0.0109407
2.27 11.3819 0 0.0468567 0.997409 -0.0185421 -0.0695077 0.018706 0.999824 0.00170734 0.0694637 -0.00300313 0.99758  0 0 -0.026025 0.00971998 0.299636 0.0109307
2.28 11.3819 0 0.0465117 0.997604 -0.0186597 -0.0666142 0.018808 0.999822 0.00159922 0.0665725 -0.00284827 0.997778  0 0 -0.043601 0.0104836 0.281199 0.0109131
2.29 11.3819 0 0.0459929 0.997779 -0.0187762 -0.0639075 0.0189096 0.99982 0.00148384 0.0638681 -0.00268901 0.997955  0 0 -0.0606457 0.0112365 0.261988 0.0108864
2.3 11.3819 0 0.0453112 0.997935 -0.0188914 -0.0613966 0.0190108 0.999818 0.00136131 0.0613598 -0.0025257 0.998113  0 0 -0.0765519 0.0119745 0.2419 0.01085
2.31 11.3819 0 0.0444681 0.998072 -0.0190052 -0.0590874 0.0191114 0.999817 0.00123183 0.0590531 -0.0023587 0.998252  0 0 -0.0923491 0.0126894 0.221301 0.010806
2.32 11.3819 0 0.0434749 0.998192 -0.0191178 -0.0569882 0.0192114 0.999815 0.00109549 0.0569567 -0.00218833 0.998374  0 0 -0.107042 0.0133931 0.199889 0.010755
2.33 11.3819 0 0.0423375 0.998295 -0.0192289 -0.0551049 0.0193107 0.999813 0.0009524 0.0550763 -0.00201489 0.99848  0 0 -0.12103 0.0140843 0.177889 0.0106947
2.34 11.3819 0 0.0410618 0.998384 -0.0193387 -0.0534424 0.0194093 0.999811 0.000802698 0.0534168 -0.00183868 0.998571  0 0 -0.134545 0.0147609 0.155482 0.0106273
2.35 11.3819 0 0.0396574 0.998457 -0.0194471 -0.0520067 0.0195071 0.99981 0.000646591 0.0519842 -0.00166009 0.998647  0 0 -0.147056 0.0154115 0.132508 0.0105534
2.36 11.3819 0 0.038132 0.998517 -0.0195541 -0.0508023 0.019604 0.999808 0.000484093 0.050783 -0.0014793 0.998709  0 0 -0.158713 0.0160605 0.109086 0.0104744
2.37 11.3819 0 0.0364967 0.998564 -0.0196597 -0.0498331 0.0196999 0.999806 0.000315409 0.0498172 -0.00129666 0.998758  0 0 -0.169242 0.0166877 0.0853132 0.0103896
2.38 11.3819 0 0.0347562 0.998598 -0.019764 -0.0491008 0.0197948 0.999804 0.000140708 0.0490884 -0.00111245 0.998794  0 0 -0.179348 0.0172927 0.0614652 0.0102966
2.39 11.3819 0 0.0329228 0.99862 -0.019867 -0.0486088 0.0198885 0.999802 -3.97822e-05 0.0486 -0.000927031 0.998818  0 0 -0.188216 0.0178704 0.0372872 0.0101992
2.4 11.3819 0 0.0310006 0.998631 -0.0199686 -0.0483565 0.0199811 0.9998 -0.000225744 0.0483513 -0.000740781 0.99883  0 0 -0.19667 0.018411 0.0132277 0.0100965
2.41 11.3819 0 0.0290012 0.998629 -0.0200691 -0.0483443 0.0200724 0.999798 -0.000416906 0.0483429 -0.000554051 0.998831  0 0 -0.203998 0.018921 -0.0108069 0.00999091
2.42 11.3819 0 0.0269365 0.998616 -0.0201683 -0.0485734 0.0201623 0.999797 -0.000613076 0.0485759 -0.000367126 0.998819  0 0 -0.209969 0.0194131 -0.0349855 0.00988118
2.43 11.3819 0 0.0248114 0.998591 -0.0202665 -0.0490401 0.0202509 0.999795 -0.000813998 0.0490465 -0.000180254 0.998796  0 0 -0.215533 0.0198794 -0.0587092 0.00976975
2.44 11.3819 0 0.0226387 0.998554 -0.0203636 -0.0497426 0.020338 0.999793 -0.00101915 0.049753 6.01218e-06 0.998762  0 0 -0.219893 0.0202834 -0.0821805 0.0096585
2.45 11.3819 0 0.0204331 0.998505 -0.0204597 -0.0506787 0.0204237 0.999791 -0.00122834 0.0506932 0.000191459 0.998714  0 0 -0.222513 0.0206644 -0.105445 0.00954684
