*************************Generated by extractLog.sh*************************
*      Tue Nov  5 09:28:18 MST 2024. Case: 3D_ducky_drop/
* Note: Data was extracted from log.overInterDyMFoam using extractLog.sh
*       Can be visualized with plotMotion.py and/or plotForces.py
****************************************************************************
Time X(x3) Orientation(x9) dX(x3) dX_angular(x3) Force(x3) Moment(x3)
0.01 11.3819 0 0.59978 1 1.25151e-11 -4.83427e-07 -1.25151e-11 1 4.36266e-11 4.83427e-07 -4.36266e-11 1  -0 -0 -0.0439705 -8.72533e-09 -9.66854e-05 -2.50302e-09              0.0160081 3.87014e-06 2.35607              -1.24878e-05 -0.0775857 3.29956e-06
0.02 11.3819 0 0.598901 1 -1.46164e-11 -2.42131e-06 1.46173e-11 1 3.6473e-10 2.42131e-06 -3.6473e-10 1  0 0 -0.131869 -4.4405e-08 -0.000290575 2.08979e-09              0.0492864 -5.9488e-07 2.96563              -2.48445e-05 -0.0782118 1.50413e-05
0.03 11.3819 0 0.597144 1 -2.29831e-10 -6.30707e-06 2.29839e-10 1 1.28009e-09 6.30707e-06 -1.28009e-09 1  0 0 -0.219675 -1.15005e-07 -0.000485736 2.71956e-08              0.068069 1.02314e-05 3.31645              -3.36036e-05 -0.0798524 1.88234e-05
0.04 11.3819 0 0.594508 1 -7.15937e-10 -1.21679e-05 7.15974e-10 1 3.0324e-09 1.21679e-05 -3.0324e-09 1  0 0 -0.307418 -2.13412e-07 -0.000684219 6.14429e-08              0.0705067 4.81774e-05 3.32453              -4.13196e-05 -0.0799791 1.85734e-05
0.05 11.3819 0 0.590996 1 -1.52317e-09 -2.00075e-05 1.52329e-09 1 5.88725e-09 2.00075e-05 -5.88728e-09 1  0 0 -0.395149 -3.37307e-07 -0.000883029 9.7173e-08              0.072318 7.56385e-05 3.33463              -4.53624e-05 -0.0804923 1.56078e-05
0.06 11.3819 0 0.586606 1 -2.64379e-09 -2.9838e-05 2.64409e-09 1 1.00265e-08 2.9838e-05 -1.00266e-08 1  0 0 -0.482875 -4.76768e-07 -0.00108252 1.2876e-07              0.0751073 1.86842e-05 3.32611              -4.30506e-05 -0.0802157 2.43847e-05
0.07 11.3819 0 0.581338 1 -4.20189e-09 -4.16519e-05 4.20254e-09 1 1.54703e-08 4.16519e-05 -1.54705e-08 1  0 0 -0.570601 -6.11833e-07 -0.00128083 1.74507e-07              0.0781333 0.000149958 3.33397              -6.25733e-05 -0.0807258 2.73598e-05
0.08 11.3819 0 0.575194 1 -6.24021e-09 -5.54513e-05 6.24147e-09 1 2.27258e-08 5.54513e-05 -2.27261e-08 1  0 0 -0.658325 -8.04456e-07 -0.00147915 2.27044e-07              0.0813795 0.000104091 3.34637              -6.11328e-05 -0.0814826 2.8675e-05
0.09 11.3819 0 0.568172 1 -8.80871e-09 -7.12376e-05 8.81097e-09 1 3.17931e-08 7.12376e-05 -3.17937e-08 1  0 0 -0.746047 -1.00001e-06 -0.00167788 2.83038e-07              0.0854137 9.9575e-05 3.41517              -6.67046e-05 -0.0843183 2.00052e-05
0.1 11.3819 0 0.560273 1 -1.18207e-08 -8.90465e-05 1.18245e-08 1 4.29263e-08 8.90465e-05 -4.29274e-08 1  0 0 -0.83376 -1.21388e-06 -0.0018811 3.26159e-07              0.0897345 1.67798e-05 3.39288              -6.86627e-05 -0.084178 2.73305e-05
0.11 11.3819 0 0.551497 1 -1.53809e-08 -0.000108865 1.5387e-08 1 5.61573e-08 0.000108865 -5.61589e-08 1  0 0 -0.921473 -1.42906e-06 -0.00208288 3.80311e-07              0.0950618 0.000384936 3.40947              -0.000105418 -0.0855829 3.37308e-05
0.12 11.3819 0 0.541843 1 -1.95575e-08 -0.000130709 1.9567e-08 1 7.26888e-08 0.000130709 -7.26914e-08 1  0 0 -1.00918 -1.78891e-06 -0.00228538 4.4625e-07              0.0998044 0.000223086 3.49614              -9.66521e-05 -0.0897152 2.01074e-05
0.13 11.3819 0 0.531313 1 -2.42029e-08 -0.000154625 2.42172e-08 1 9.23115e-08 0.000154625 -9.23153e-08 1  0 0 -1.09688 -2.12897e-06 -0.00249405 4.9248e-07              0.106344 0.000311077 3.46704              -0.000110482 -0.0899617 3.47983e-05
0.14 11.3819 0 0.519906 1 -2.9534e-08 -0.000180599 2.95549e-08 1 1.15776e-07 0.000180599 -1.15782e-07 1  0 0 -1.18459 -2.52761e-06 -0.00270097 5.61447e-07              0.111766 0.000303254 3.56655              -0.000113815 -0.0951016 1.68627e-05
0.15 11.3819 0 0.507621 1 -3.53011e-08 -0.000208701 3.5331e-08 1 1.43302e-07 0.000208701 -1.43309e-07 1  0 0 -1.27227 -2.95347e-06 -0.00291507 6.04464e-07              0.120424 0.000138973 3.53588              -0.000114087 -0.0957209 2.70769e-05
0.16 11.3819 0 0.49446 1 -4.16761e-08 -0.000238909 4.17178e-08 1 1.74782e-07 0.000238909 -1.74792e-07 1  0 0 -1.35996 -3.3535e-06 -0.00312694 6.62997e-07              0.125998 0.000371721 3.6513              -0.000128924 -0.102182 1.4318e-05
0.17 11.3819 0 0.480422 1 -4.84611e-08 -0.000271308 4.85184e-08 1 2.11182e-07 0.000271308 -2.11195e-07 1  0 0 -1.44764 -3.86267e-06 -0.00334756 7.02852e-07              0.135729 0.00031029 3.60942              -0.000130834 -0.103097 1.62997e-05
0.18 11.3819 0 0.465508 1 -5.57026e-08 -0.000305869 5.57798e-08 1 2.52507e-07 0.000305869 -2.52524e-07 1  0 0 -1.53531 -4.38231e-06 -0.0035652 7.45049e-07              0.14398 0.000753109 3.74468              -0.000135144 -0.111028 -1.29515e-05
0.19 11.3819 0 0.449716 1 -6.29787e-08 -0.000342686 6.30816e-08 1 3.00442e-07 0.000342686 -3.00464e-07 1  0 0 -1.62297 -5.08776e-06 -0.00379255 7.38864e-07              0.153878 0.000605565 3.70194              -0.00013893 -0.113244 1.95752e-05
0.2 11.3819 0 0.433048 1 -7.06847e-08 -0.00038174 7.08202e-08 1 3.55001e-07 0.00038174 -3.55028e-07 1  0 0 -1.71063 -5.79699e-06 -0.00401807 7.79746e-07              0.166928 0.000205757 3.82605              -0.000159168 -0.121717 -6.22462e-06
0.21 11.3819 0 0.415504 1 -7.84153e-08 -0.000423111 7.85912e-08 1 4.15808e-07 0.000423111 -4.15841e-07 1  0 0 -1.79828 -6.41526e-06 -0.00425136 7.83987e-07              0.175018 0.000964599 3.97467              -0.000125974 -0.131899 -4.05749e-05
0.22 11.3819 0 0.397083 1 -8.57798e-08 -0.000466899 8.60064e-08 1 4.85278e-07 0.000466899 -4.85318e-07 1  0 0 -1.8859 -7.31775e-06 -0.00449741 7.29226e-07              0.0815486 0.00120153 0.490081              -3.58536e-05 -0.0187071 -8.22315e-05
0.23 11.3819 0 0.377782 1 -9.23534e-08 -0.000511473 9.26416e-08 1 5.63365e-07 0.000511473 -5.63412e-07 1  0 0 -1.97402 -8.2438e-06 -0.00453967 6.23165e-07              -0.175035 0.154779 -8.46108              0.0108411 0.299042 0.00575897
0.24 11.3819 0 0.357588 1 -1.07183e-07 -0.000552195 1.07579e-07 1 7.17335e-07 0.000552195 -7.17395e-07 1  0 0 -2.06372 -2.15014e-05 -0.00399215 2.29224e-06              0.744084 -0.138291 26.1544              -0.0211727 -0.954943 -0.00516506
0.25 11.3819 0 0.336539 1 -5.77167e-08 -0.00060466 5.80866e-08 1 6.11605e-07 0.00060466 -6.1164e-07 1  0 0 -2.14866 9.31812e-06 -0.00541006 -5.45831e-06              0.344714 0.0226967 9.73416              -0.0196115 -0.42915 0.000910244
0.26 11.3819 0 0.314618 1 -2.59643e-08 -0.000662566 2.66839e-08 1 1.086e-06 0.000662566 -1.08602e-06 1  0 0 -2.23516 -5.43256e-05 -0.00628479 -4.66767e-06              0.391552 0.114737 14.7296              -0.0372149 -0.700815 0.00432343
0.27 11.3819 0 0.291838 1 -3.33995e-08 -0.000733638 3.55747e-08 1 2.96494e-06 0.000733638 -2.96496e-06 1  0 0 -2.32106 -0.000238444 -0.00765518 1.88059e-06              0.555464 0.453591 30.2004              -0.0624779 -1.50345 0.0222006
0.28 11.3819 0 0.268216 1 -3.06398e-07 -0.00082994 3.13938e-07 1 9.08563e-06 0.00082994 -9.08589e-06 1  0 0 -2.40475 -0.000764709 -0.0105984 3.57368e-05              0.892805 1.44271 75.0057              -0.0324252 -3.78628 0.0777684
0.29 11.3819 0 0.243804 1 -1.5526e-06 -0.000989072 1.57857e-06 1 2.62517e-05 0.000989072 -2.62533e-05 1  0 0 -2.4819 -0.00212514 -0.0182012 0.000158093              1.6254 3.45513 218.819              -0.0529016 -10.8539 0.182054
0.3 11.3819 0 0.218771 0.999999 -5.27683e-06 -0.00133022 5.37296e-06 1 7.22589e-05 0.00133022 -7.22659e-05 0.999999  0 0 -2.53814 -0.00565342 -0.0404959 0.000466615              3.97163 9.7309 674.917              1.59206 -34.5319 0.505289
0.31 11.3819 0 0.193659 0.999997 -1.5798e-05 -0.00224693 1.62004e-05 1 0.000179094 0.00224693 -0.00017913 0.999997  0 0 -2.52753 -0.0129546 -0.111423 0.0013123              9.59693 7.40881 1396.12              4.66486 -76.5696 0.485397
0.32 11.3819 0 0.16945 0.99999 -3.65881e-05 -0.00451854 3.78501e-05 1 0.000279207 0.00451853 -0.000279375 0.99999  0 0 -2.39715 -0.0114374 -0.277716 0.00258482              17.936 6.73628 1805.92              3.12198 -94.4726 0.449065
0.33 11.3819 0 0.146801 0.999964 -6.70508e-05 -0.00854151 7.02688e-05 1 0.000376447 0.00854149 -0.000377033 0.999963  0 0 -2.19523 -0.00931488 -0.486131 0.0037283              29.26 9.28252 1581.26              3.34863 -74.9951 0.537847
0.34 11.3819 0 0.125744 0.999901 -0.000108863 -0.0141017 0.000115839 1 0.000493861 0.0141017 -0.000495446 0.9999  0 0 -2.01621 -0.0118476 -0.646179 0.00500043              37.8707 8.63839 1068.93              3.0257 -45.5511 0.477761
0.35 11.3819 0 0.105842 0.999786 -0.000160243 -0.0206937 0.000173505 1 0.000639064 0.0206936 -0.000642518 0.999786  0 0 -1.91547 -0.0158175 -0.726188 0.00608122              40.9509 6.54446 800.231              2.70251 -32.5099 0.390105
0.36 11.3819 0 0.0867478 0.999609 -0.00021919 -0.0279525 0.000241789 1 0.000805091 0.0279523 -0.000811535 0.999609  0 0 -1.86229 -0.0181831 -0.764277 0.00691225              43.2137 4.60403 742.72              2.23232 -30.195 0.313255
0.37 11.3819 0 0.0682306 0.999365 -0.000283882 -0.0356226 0.000319173 0.999999 0.000985027 0.0356223 -0.000995772 0.999365  0 0 -1.82273 -0.0191555 -0.788147 0.00756239              49.3349 3.61756 765.087              1.95444 -32.0878 0.24367
0.38 11.3819 0 0.0501856 0.999052 -0.000352784 -0.0435416 0.000404178 0.999999 0.00117155 0.0435412 -0.00118804 0.999051  0 0 -1.78218 -0.0193987 -0.805113 0.00807948              54.7334 2.93171 763.65              1.67678 -33.2053 0.17517
0.39 11.3819 0 0.0325552 0.998668 -0.00042447 -0.0516041 0.000495299 0.999999 0.00135975 0.0516035 -0.0013835 0.998667  0 0 -1.7422 -0.0193617 -0.815174 0.00846283              57.9464 2.68639 753.988              1.59375 -33.3683 0.156694
0.4 11.3819 0 0.0153201 0.998214 -0.000498187 -0.0597344 0.000591637 0.999999 0.00154674 0.0597336 -0.00157932 0.998213  0 0 -1.70339 -0.0192012 -0.818612 0.00878173              61.6155 2.32196 771.779              1.51176 -34.32 0.143299
0.41 11.3819 0 -0.0015022 0.997694 -0.000573546 -0.0678708 0.000692533 0.999998 0.00172962 0.0678697 -0.00177263 0.997693  0 0 -1.66204 -0.0187909 -0.816399 0.00907774              63.4771 2.24633 771.45              1.4674 -34.7734 0.0889094
0.42 11.3819 0 -0.0179138 0.99711 -0.000649744 -0.0759624 0.000797034 0.999998 0.00190867 0.075961 -0.0019637 0.997109  0 0 -1.62042 -0.01845 -0.809664 0.00928075              65.8811 1.86826 766.404              1.33415 -33.9512 0.0324433
0.43 11.3819 0 -0.0339134 0.996471 -0.000726154 -0.0839335 0.000904084 0.999997 0.0020819 0.0839318 -0.00215044 0.996469  0 0 -1.57913 -0.0179292 -0.795068 0.00938592              64.5071 1.63639 785.644              1.2214 -33.7277 0.00596314
0.44 11.3819 0 -0.0494777 0.995781 -0.000802237 -0.0917597 0.00101289 0.999997 0.00224916 0.0917576 -0.00233262 0.995779  0 0 -1.53515 -0.017375 -0.778466 0.00942724              64.7998 1.39915 799.881              1.05962 -33.1209 -0.0349003
0.45 11.3819 0 -0.0645869 0.995048 -0.000877382 -0.0993889 0.00112255 0.999996 0.00241091 0.0993864 -0.00251054 0.995046  0 0 -1.48851 -0.0169054 -0.757437 0.00939073              63.5883 0.731102 802.195              0.725656 -31.3319 -0.101802
0.46 11.3819 0 -0.0792312 0.994283 -0.000950837 -0.106776 0.00123178 0.999996 0.00256523 0.106773 -0.00268209 0.99428  0 0 -1.44112 -0.0162034 -0.731468 0.00924816              59.5965 0.708048 815.799              0.743249 -29.1504 -0.167758
0.47 11.3819 0 -0.0933902 0.993492 -0.00102173 -0.113899 0.00133931 0.999995 0.00271178 0.113896 -0.00284667 0.993489  0 0 -1.39188 -0.0154103 -0.703737 0.00899024              54.8583 0.780111 878.657              0.760459 -26.4782 -0.20155
0.48 11.3819 0 -0.106986 0.992684 -0.00108931 -0.120741 0.00144413 0.999995 0.00285123 0.120737 -0.00300473 0.99268  0 0 -1.33323 -0.0147252 -0.674992 0.00864107              50.7457 0.554508 821.256              0.644259 -22.7243 -0.205402
0.49 11.3819 0 -0.120075 0.991868 -0.00115336 -0.127266 0.00154554 0.999994 0.00298286 0.127262 -0.00315529 0.991864  0 0 -1.28145 -0.0139674 -0.642672 0.00826335              42.7772 0.421742 875.556              0.600048 -17.92 -0.221775
0.5 11.3819 0 -0.132571 0.991051 -0.00121388 -0.133475 0.0016431 0.999994 0.00310567 0.13347 -0.00329719 0.991047  0 0 -1.22193 -0.0130546 -0.610348 0.00789154              34.9925 0.166597 905.119              0.45586 -12.568 -0.200494
0.51 11.3819 0 -0.144442 0.990241 -0.00127095 -0.139357 0.00173649 0.999993 0.00321909 0.139352 -0.00342967 0.990237  0 0 -1.15677 -0.0120603 -0.577555 0.00752224              25.1971 -0.0854512 928.314              0.321204 -5.84893 -0.184815
0.52 11.3819 0 -0.155648 0.989444 -0.00132506 -0.144912 0.00182567 0.999993 0.00332166 0.144906 -0.00355115 0.989439  0 0 -1.08787 -0.010908 -0.544854 0.00719922              16.9815 0.581153 936.147              0.69603 0.533395 -0.218128
0.53 11.3819 0 -0.166164 0.988665 -0.0013762 -0.150131 0.00191062 0.999992 0.00341556 0.150125 -0.00366369 0.98866  0 0 -1.0172 -0.0100427 -0.51121 0.00684813              10.2064 0.665732 935.029              0.773117 6.15368 -0.186157
0.54 11.3819 0 -0.175984 0.987913 -0.00142492 -0.155005 0.00199159 0.999992 0.00350059 0.154999 -0.00376698 0.987907  0 0 -0.946939 -0.00920487 -0.476205 0.00653599              2.09454 -0.261016 944.494              0.207775 12.3802 -0.135623
0.55 11.3819 0 -0.185086 0.987192 -0.00147202 -0.159532 0.0020687 0.999991 0.00357424 0.159525 -0.00385849 0.987186  0 0 -0.874782 -0.00799813 -0.440951 0.00631488              -6.13272 -0.0386531 964.516              0.328242 18.833 -0.110848
0.56 11.3819 0 -0.193448 0.986508 -0.00151797 -0.163708 0.00214236 0.999991 0.00363758 0.163701 -0.00393922 0.986502  0 0 -0.79975 -0.00688519 -0.40561 0.00613744              -11.647 -1.94331 955.235              -0.948492 23.4945 -0.0731196
0.57 11.3819 0 -0.20108 0.985866 -0.00156396 -0.167526 0.00221258 0.999991 0.00368517 0.167519 -0.00400375 0.985861  -0 -0 -0.726139 -0.00518663 -0.369407 0.00606575              -20.8086 -0.62338 1035.36              -0.167231 30.9719 -0.0355169
0.58 11.3819 0 -0.207873 0.985272 -0.00161038 -0.170988 0.00228033 0.99999 0.00372179 0.170981 -0.00405689 0.985266  -0 -0 -0.640057 -0.00405863 -0.333306 0.0060213              -21.1329 -1.3222 978.767              -0.647709 32.071 -0.049687
0.59 11.3819 0 -0.213904 0.984729 -0.00165761 -0.174084 0.0023453 0.99999 0.00374474 0.174076 -0.00409583 0.984724  -0 -0 -0.562512 -0.00275711 -0.296014 0.00598162              -23.5268 -1.44274 963.904              -0.769288 34.1004 -0.0049722
0.6 11.3819 0 -0.219164 0.984243 -0.00170648 -0.176813 0.00240835 0.99999 0.003755 0.176805 -0.00412166 0.984237  -0 -0 -0.487176 -0.00147886 -0.25868 0.00602219              -23.8228 -2.18524 977.19              -1.32724 34.985 0.0393114
0.61 11.3819 0 -0.223646 0.983817 -0.00175778 -0.179165 0.00246978 0.99999 0.00375104 0.179157 -0.00413284 0.983812  -0 -0 -0.409834 -3.55053e-05 -0.220115 0.00614896              -26.3443 -1.87491 999.78              -1.14476 36.9707 0.0459802
0.62 11.3819 0 -0.227327 0.983455 -0.00181174 -0.181142 0.00252999 0.99999 0.00373413 0.181133 -0.00413063 0.98345  -0 -0 -0.328703 0.0012569 -0.181798 0.00628712              -27.989 -1.92741 976.403              -1.25103 37.0659 0.10764
0.63 11.3819 0 -0.230238 0.983155 -0.00186933 -0.182767 0.00259008 0.99999 0.00370495 0.182758 -0.00411591 0.983149  -0 -0 -0.251557 0.00239726 -0.146672 0.00652857              -25.9165 -2.78485 976.185              -1.84027 35.6755 0.111664
0.64 11.3819 0 -0.232368 0.982918 -0.00193097 -0.184036 0.00264999 0.99999 0.00366105 0.184027 -0.00408621 0.982913  -0 -0 -0.174156 0.00385788 -0.111223 0.00681772              -25.101 -2.3226 987.139              -1.55988 35.004 0.105991
0.65 11.3819 0 -0.233716 0.982745 -0.00199666 -0.184957 0.00271012 0.99999 0.00360473 0.184948 -0.00404379 0.98274  -0 -0 -0.0958142 0.00509068 -0.0759831 0.00708633              -23.4526 -2.36693 953.456              -1.61344 32.5684 0.107468
0.66 11.3819 0 -0.234314 0.982633 -0.00206644 -0.18555 0.0027706 0.99999 0.00353578 0.185541 -0.00398845 0.982628  -0 -0 -0.0214104 0.00627106 -0.0431177 0.00735762              -22.5903 -2.23443 953.46              -1.52295 31.2009 0.114209
0.67 11.3819 0 -0.234167 0.98258 -0.00214031 -0.185828 0.00283164 0.99999 0.00345496 0.185819 -0.00392098 0.982576  0 0 0.0520294 0.00738943 -0.0119938 0.00763715              -21.7043 -2.3412 955.869              -1.60696 29.8813 0.11525
0.68 11.3819 0 -0.233276 0.982584 -0.00221821 -0.185806 0.00289333 0.99999 0.00336239 0.185797 -0.00384143 0.982581  0 0 0.126067 0.00851445 0.0177098 0.00792372              -20.4227 -1.35862 942.881              -0.882395 28.136 0.110043
0.69 11.3819 0 -0.231661 0.982641 -0.00229983 -0.185501 0.00295591 0.99999 0.0032603 0.185492 -0.00375203 0.982639  0 0 0.198162 0.00938067 0.045747 0.00818363              -19.3923 -1.57941 939.343              -1.03685 26.7078 0.0866823
0.7 11.3819 0 -0.229328 0.982749 -0.00238482 -0.184927 0.00301909 0.99999 0.00314837 0.184918 -0.00365237 0.982747  0 0 0.269374 0.0102868 0.0723541 0.00840964              -20.2391 -1.47292 937.113              -0.953512 26.2461 0.106108
0.71 11.3819 0 -0.226283 0.982903 -0.00247321 -0.184108 0.00308324 0.999991 0.00302726 0.184099 -0.00354315 0.982901  0 0 0.340046 0.0111676 0.0962962 0.00866237              -21.5602 -1.25865 949.031              -0.767945 26.582 0.0932731
0.72 11.3819 0 -0.222514 0.983098 -0.00256468 -0.18306 0.0031482 0.999991 0.00289706 0.183051 -0.00342441 0.983098  0 0 0.412756 0.0120475 0.118513 0.00890018              -22.0041 -0.838303 951.545              -0.473327 26.1149 0.0857374
0.73 11.3819 0 -0.218023 0.983331 -0.00265892 -0.181803 0.00321409 0.999991 0.00275912 0.181794 -0.00329746 0.983331  0 0 0.485321 0.0127712 0.138766 0.00911205              -22.4892 -0.524117 929.312              -0.232172 25.0107 0.0911336
0.74 11.3819 0 -0.212827 0.983595 -0.00275582 -0.180367 0.00328106 0.999991 0.00261379 0.180359 -0.00316271 0.983596  0 0 0.555392 0.013443 0.155683 0.00933073              -18.6421 0.212868 899.887              0.299403 21.9392 0.0559174
0.75 11.3819 0 -0.206969 0.983889 -0.00285465 -0.178756 0.0033489 0.999991 0.0024632 0.178748 -0.00302215 0.98389  0 0 0.619986 0.0138954 0.172541 0.00947476              -19.8105 0.310015 909.191              0.372386 21.5401 0.0932029
0.76 11.3819 0 -0.20043 0.984207 -0.00295576 -0.176999 0.00341813 0.999991 0.00230746 0.17699 -0.00287603 0.984208  0 0 0.687176 0.0143342 0.186628 0.00967513              -17.3373 0.409715 894.174              0.486697 19.4055 0.0801706
0.77 11.3819 0 -0.193246 0.984546 -0.00305887 -0.175098 0.00348859 0.999992 0.0021464 0.17509 -0.00272407 0.984549  0 0 0.751134 0.0148543 0.200349 0.00987052              -12.4488 0.702336 858.31              0.663051 15.6088 0.068852
0.78 11.3819 0 -0.185472 0.984907 -0.00316368 -0.173055 0.00356028 0.999992 0.00198138 0.173048 -0.0025676 0.98491  0 0 0.808386 0.0152293 0.214462 0.0100257              -9.59132 2.38364 829.578              1.70367 13.047 -0.000752303
0.79 11.3819 0 -0.177133 0.985287 -0.00326886 -0.170879 0.003633 0.999992 0.00181834 0.170871 -0.00241239 0.98529  0 0 0.862498 0.014864 0.227975 0.0100219              -10.0363 2.35783 853.944              1.74567 12.7718 0.0640301
0.8 11.3819 0 -0.168228 0.985683 -0.00337516 -0.168574 0.00370739 0.999992 0.00165609 0.168567 -0.00225735 0.985688  0 0 0.918241 0.014621 0.240513 0.0101177              -7.79576 0.394939 809.801              0.418277 10.4217 0.0457281
0.81 11.3819 0 -0.158821 0.986094 -0.00348227 -0.166152 0.00378274 0.999992 0.00149194 0.166146 -0.00209971 0.986099  0 0 0.967288 0.0149103 0.251733 0.0102273              -4.40866 1.44243 782.42              1.0906 8.03044 0.0336345
0.82 11.3819 0 -0.148961 0.986519 -0.00358993 -0.16361 0.00385925 0.999992 0.00132831 0.163603 -0.00194181 0.986524  0 0 1.01004 0.0149386 0.263678 0.0102943              1.05939 0.90541 701.686              0.739109 4.16414 0.0691554
0.83 11.3819 0 -0.138742 0.986956 -0.00369868 -0.160946 0.00393715 0.999992 0.00116278 0.160941 -0.00178128 0.986962  0 0 1.04197 0.0151281 0.275899 0.0104283              1.74637 2.0212 729.979              1.36285 4.05455 0.0806858
0.84 11.3819 0 -0.128128 0.987406 -0.00380837 -0.158158 0.004017 0.999991 0.000999487 0.158153 -0.00162222 0.987413  0 0 1.07926 0.0148414 0.288682 0.0105559              0.672147 1.99038 702.172              1.3683 3.75469 0.0424522
0.85 11.3819 0 -0.117176 0.987865 -0.0039186 -0.155263 0.00409835 0.999991 0.00083761 0.155259 -0.00146377 0.987873  0 0 1.1128 0.0146135 0.299085 0.0106314              -0.760388 1.49382 686.763              1.04595 3.96856 0.0689309
0.86 11.3819 0 -0.105904 0.98833 -0.00402978 -0.152274 0.0041816 0.999991 0.000676798 0.15227 -0.00130565 0.988338  0 0 1.14324 0.0145302 0.307577 0.0107566              0.85998 1.35407 638.652              0.912597 2.75942 0.0712406
0.87 11.3819 0 -0.0944003 0.9888 -0.00414179 -0.149192 0.00426674 0.999991 0.00051749 0.149189 -0.00114826 0.988808  0 0 1.16392 0.0144121 0.316225 0.0108847              -1.79986 1.10147 650.616              0.7499 3.63061 0.088003
0.88 11.3819 0 -0.0826656 0.98927 -0.00425487 -0.146037 0.00435395 0.99999 0.000358818 0.146034 -0.000990807 0.989279  0 0 1.1847 0.0143664 0.322943 0.0110437              2.67462 1.34407 577.213              0.838421 1.88094 0.0967289
0.89 11.3819 0 -0.0708178 0.989744 -0.00436912 -0.142785 0.00444351 0.99999 0.000202096 0.142783 -0.000834491 0.989754  0 0 1.19327 0.0141616 0.332649 0.0112114              -3.30559 1.03439 604.312              0.647146 3.51319 0.102993
0.9 11.3819 0 -0.0588176 0.990214 -0.00448467 -0.139485 0.00453551 0.99999 4.65822e-05 0.139483 -0.00067876 0.990224  0 0 1.20636 0.0140235 0.336957 0.0113965              -3.52152 1.05453 572.926              0.611867 3.58636 0.0995261
0.91 11.3819 0 -0.0467272 0.99068 -0.0046015 -0.136132 0.00463008 0.999989 -0.000106727 0.136131 -0.000524571 0.990691  0 0 1.21477 0.013799 0.340772 0.0115763              -3.91291 0.968014 536.724              0.505928 3.50515 0.108755
0.92 11.3819 0 -0.0345832 0.991139 -0.0047197 -0.132745 0.00472742 0.999989 -0.000257068 0.132745 -0.000372751 0.99115  0 0 1.21806 0.0134667 0.343612 0.0117657              -5.03999 0.524685 519.739              0.305094 3.92422 0.113997
0.93 11.3819 0 -0.0224233 0.99159 -0.00483947 -0.129329 0.00482748 0.999988 -0.000406191 0.129329 -0.000221557 0.991602  0 0 1.21744 0.0133655 0.345967 0.0119795              -5.83034 0.523557 483.056              0.238493 4.2212 0.103855
0.94 11.3819 0 -0.010303 0.992032 -0.00496062 -0.125889 0.00493028 0.999988 -0.000552621 0.125891 -7.24514e-05 0.992044  0 0 1.21115 0.0131262 0.347866 0.0121722              -7.98675 0.589205 463.015              0.23828 4.95067 0.0804247
0.95 11.3819 0 0.00175251 0.992463 -0.00508286 -0.12244 0.00503554 0.999987 -0.000695902 0.122442 7.41028e-05 0.992476  0 0 1.20251 0.0127826 0.348235 0.0123191              -10.3824 0.611681 447.749              0.241075 6.24767 0.0774613
0.96 11.3819 0 0.0136961 0.992883 -0.00520606 -0.118982 0.00514316 0.999986 -0.000835683 0.118985 0.000217791 0.992896  0 0 1.18955 0.0124148 0.348674 0.012451              -10.9756 0.637885 397.704              0.23213 7.14861 0.0745201
0.97 11.3819 0 0.0254702 0.993292 -0.00533008 -0.115509 0.00525304 0.999986 -0.000971275 0.115512 0.000357989 0.993306  0 0 1.17013 0.0119929 0.350184 0.0125756              -13.0116 0.63518 390.349              0.218495 8.5183 0.0976258
0.98 11.3819 0 0.0370545 0.993691 -0.00545515 -0.112016 0.00536542 0.999985 -0.00110245 0.11202 0.000494479 0.993706  0 0 1.1489 0.0115501 0.35238 0.012734              -13.4002 0.475479 349.198              0.123071 9.52427 0.0888966
0.99 11.3819 0 0.0483689 0.994083 -0.00558117 -0.108483 0.00548017 0.999984 -0.00122919 0.108489 0.000627405 0.994097  0 0 1.11958 0.0111225 0.35689 0.0128855              -12.4383 0.310245 314.204              0.0168964 10.4995 0.078999
1 11.3819 0 0.0593708 0.994468 -0.00570812 -0.104882 0.00559727 0.999983 -0.00135119 0.104888 0.000756661 0.994484  0 0 1.08532 0.0106681 0.364984 0.0130262              -12.6168 0.157503 306.929              -0.060986 11.2687 0.0664641
1.01 11.3819 0 0.0700248 0.99485 -0.0058358 -0.101191 0.00571653 0.999983 -0.0014686 0.101198 0.000882577 0.994866  0 0 1.04837 0.0102349 0.375332 0.0131463              -10.8921 -0.0244156 257.678              -0.137744 10.5286 0.0412492
1.02 11.3819 0 0.0802744 0.995228 -0.00596383 -0.0973947 0.00583753 0.999982 -0.00158172 0.0974023 0.00100563 0.995245  0 0 1.00575 0.00985424 0.386673 0.0132236              -11.1424 -0.135965 253.397              -0.213778 10.5321 0.0200168
1.03 11.3819 0 0.0900914 0.995602 -0.00609184 -0.0934871 0.00595992 0.999981 -0.00169031 0.0934956 0.0011257 0.995619  0 0 0.960315 0.00944812 0.398152 0.0132611              -9.90395 -0.325788 220.097              -0.272994 9.79525 0.0178068
1.04 11.3819 0 0.0994276 0.995971 -0.00621971 -0.089464 0.00608352 0.99998 -0.00179488 0.0894734 0.00124339 0.995988  0 0 0.910367 0.00909766 0.409742 0.0132933              -8.92609 -0.301833 196.991              -0.268857 8.8511 0.0113417
1.05 11.3819 0 0.108245 0.996333 -0.00634723 -0.0853292 0.00620815 0.999979 -0.00189523 0.0853394 0.00135854 0.996351  0 0 0.85641 0.00873554 0.420736 0.0133143              -9.70696 -0.263304 220.127              -0.300163 8.76688 0.00769884
1.06 11.3819 0 0.116524 0.996686 -0.00647432 -0.0810888 0.00633373 0.999978 -0.00199088 0.0810999 0.00147069 0.996705  0 0 0.801295 0.00829642 0.430866 0.013327              -6.07718 -0.340952 134.371              -0.216823 6.23588 0.0200966
1.07 11.3819 0 0.124202 0.997028 -0.00660113 -0.076757 0.00646024 0.999977 -0.00208358 0.076769 0.00158152 0.997048  0 0 0.739247 0.00807675 0.439324 0.013361              -7.29037 -0.43936 163.456              -0.271517 5.69866 0.0184692
1.08 11.3819 0 0.131292 0.997356 -0.00672762 -0.0723542 0.00658764 0.999976 -0.00217308 0.0723671 0.00169069 0.997377  0 0 0.678657 0.00786328 0.445378 0.0133938              -7.27584 -0.390256 171.476              -0.218347 4.60827 0.0102931
1.09 11.3819 0 0.137779 0.997668 -0.00685379 -0.0679019 0.00671579 0.999975 -0.00226044 0.0679157 0.00179916 0.997689  0 0 0.618556 0.0077336 0.449047 0.0134159              -5.31561 -0.208389 134.289              -0.123609 3.51559 -0.00461583
1.1 11.3819 0 0.14363 0.997963 -0.00697946 -0.0634114 0.00684446 0.999974 -0.00234597 0.0634261 0.00190718 0.997985  0 0 0.554211 0.0076348 0.451862 0.0134137              -5.34799 -0.307346 150.891              -0.136637 2.39183 -0.00709746
1.11 11.3819 0 0.148852 0.998238 -0.00710462 -0.0589053 0.00697354 0.999973 -0.00243051 0.058921 0.00201545 0.998261  0 0 0.490504 0.00762208 0.452494 0.0134056              -5.59044 -0.425096 183.184              -0.183768 0.835125 -0.00470985
1.12 11.3819 0 0.15346 0.998492 -0.00722927 -0.0544102 0.00710296 0.999972 -0.00251438 0.0544268 0.00212411 0.998516  0 0 0.42979 0.00764325 0.45 0.013398              -2.49915 -0.303045 113.306              -0.138038 0.285514 -0.00570706
1.13 11.3819 0 0.157444 0.998725 -0.00735338 -0.0499458 0.00723266 0.99997 -0.00259731 0.0499634 0.00223276 0.998749  0 0 0.367337 0.00761231 0.445736 0.0133842              -2.37844 -0.407122 128.421              -0.167101 -0.924355 -0.0082187
1.14 11.3819 0 0.160779 0.998935 -0.00747694 -0.0455215 0.00736255 0.999969 -0.00268001 0.0455401 0.00234201 0.99896  0 0 0.301318 0.00765137 0.441017 0.0133672              -2.57402 -0.569219 161.147              -0.225838 -2.95053 -0.00459871
1.15 11.3819 0 0.163496 0.999123 -0.00760004 -0.0411767 0.00749261 0.999968 -0.00276278 0.0411964 0.00245183 0.999148  0 0 0.239719 0.00773544 0.431704 0.0133483              -1.93598 -0.752714 173.835              -0.289489 -4.57998 -0.019811
1.16 11.3819 0 0.165606 0.999288 -0.00772254 -0.0369391 0.00762259 0.999967 -0.00284587 0.0369599 0.00256227 0.999313  0 0 0.180401 0.00784388 0.419062 0.0133025              -1.38121 -0.65774 197.199              -0.331814 -6.49812 -0.035466
1.17 11.3819 0 0.167142 0.99943 -0.00784435 -0.0328472 0.00775235 0.999966 -0.00292733 0.032869 0.00267102 0.999456  0 0 0.124435 0.00769879 0.402599 0.0132305              -0.206138 -0.615857 213.251              -0.352985 -8.0937 -0.0630651
1.18 11.3819 0 0.168134 0.99955 -0.00796519 -0.0289333 0.00788148 0.999964 -0.00300619 0.0289562 0.00277679 0.999577  0 0 0.0715923 0.00740879 0.382971 0.0131094              1.35356 -0.474778 199.647              -0.285782 -8.4946 -0.0559394
1.19 11.3819 0 0.16858 0.99965 -0.00808491 -0.0252073 0.00800972 0.999963 -0.0030823 0.0252313 0.00287931 0.999677  0 0 0.0176229 0.00714304 0.363131 0.0129695              2.59797 -0.501163 201.793              -0.283986 -9.40855 -0.0615454
1.2 11.3819 0 0.168486 0.999731 -0.00820352 -0.0216822 0.00813698 0.999962 -0.00315535 0.0217073 0.00297807 0.99976  0 0 -0.0363508 0.00688157 0.342599 0.0128304              3.60883 -0.685438 215.487              -0.319228 -10.8801 -0.0605956
1.21 11.3819 0 0.16787 0.999796 -0.00832109 -0.0183791 0.00826315 0.999961 -0.00322624 0.0184052 0.00307372 0.999826  0 0 -0.0881985 0.00673582 0.319682 0.0126903              4.67187 -0.741235 230.831              -0.345965 -12.2515 -0.0619285
1.22 11.3819 0 0.166749 0.999847 -0.0084377 -0.0153159 0.00838817 0.999959 -0.00329517 0.0153431 0.00316619 0.999877  0 0 -0.137769 0.00661145 0.294616 0.0125492              5.77032 -0.987698 239.545              -0.43282 -13.1917 -0.0731678
1.23 11.3819 0 0.165139 0.999885 -0.00855333 -0.0125087 0.00851189 0.999958 -0.00336252 0.0125369 0.00325566 0.999916  0 0 -0.185592 0.00650924 0.268086 0.0123922              6.86855 -1.10349 244.882              -0.477495 -13.8422 -0.0667207
1.24 11.3819 0 0.163055 0.999913 -0.00866806 -0.00996667 0.00863426 0.999957 -0.0034287 0.00999596 0.00334235 0.999944  0 0 -0.232372 0.00644257 0.240949 0.0122355              7.82923 -1.02734 256.342              -0.447497 -14.7337 -0.0623721
1.25 11.3819 0 0.160513 0.999932 -0.00878199 -0.00770223 0.00875529 0.999956 -0.00349385 0.00773257 0.00342618 0.999964  0 0 -0.277294 0.00638073 0.212729 0.0120845              8.86431 -0.822298 265.522              -0.374485 -15.3628 -0.0715768
1.26 11.3819 0 0.15753 0.999944 -0.00889513 -0.0057204 0.00887486 0.999954 -0.0035578 0.00575178 0.00350683 0.999977  0 0 -0.320688 0.00628141 0.184059 0.0119237              9.73766 -0.572487 273.475              -0.321054 -15.9115 -0.0717513
1.27 11.3819 0 0.154118 0.999951 -0.00900752 -0.00402603 0.00899296 0.999953 -0.0036194 0.00405844 0.00358302 0.999985  0 0 -0.362801 0.0060317 0.155065 0.0117598              10.2341 -0.571917 286.064              -0.31504 -16.5773 -0.0722966
1.28 11.3819 0 0.150297 0.999955 -0.00911923 -0.00262813 0.00910953 0.999952 -0.00367864 0.00266155 0.00365454 0.99999  0 0 -0.402864 0.00577544 0.125111 0.0115956              10.7645 -0.465057 308.522              -0.276669 -17.7021 -0.0669356
1.29 11.3819 0 0.1461 0.999956 -0.00923038 -0.00154405 0.00922456 0.99995 -0.00373499 0.00157845 0.00372058 0.999992  0 0 -0.439245 0.00548412 0.0930801 0.0114336              11.7822 -0.25966 335.465              -0.277936 -18.9692 -0.0527111
1.3 11.3819 0 0.141565 0.999956 -0.00934125 -0.000791075 0.00933819 0.999949 -0.00378644 0.000826405 0.00377888 0.999993  0 0 -0.471142 0.00494616 0.0590494 0.011293              12.4924 -0.277773 336.538              -0.227309 -18.7744 -0.0429181
1.31 11.3819 0 0.136701 0.999955 -0.00945201 -0.000362364 0.00945056 0.999948 -0.0038342 0.000398586 0.0038306 0.999993  0 0 -0.502566 0.00454859 0.0262603 0.0111714              12.896 -0.431585 326.504              -0.214109 -18.0807 -0.0466149
1.32 11.3819 0 0.131507 0.999954 -0.0095627 -0.000244287 0.00956168 0.999947 -0.00387955 0.000281373 0.00387704 0.999992  0 0 -0.535521 0.00437469 -0.00422749 0.0110523              13.1482 -0.365704 339.772              -0.237361 -18.7032 -0.032893
1.33 11.3819 0 0.126004 0.999953 -0.00967359 -0.000444474 0.00967178 0.999946 -0.00392174 0.000482387 0.00391725 0.999992  0 0 -0.566316 0.00409399 -0.0356588 0.0109553              13.7558 -0.278706 367.726              -0.208776 -19.9264 -0.0345991
1.34 11.3819 0 0.120224 0.999952 -0.00978474 -0.000974363 0.00978081 0.999944 -0.003961 0.00101307 0.00395128 0.999992  0 0 -0.592713 0.00377749 -0.069089 0.0108545              14.444 0.0660871 403.15              -0.173162 -21.3758 -0.0568888
1.35 11.3819 0 0.114215 0.999949 -0.00989604 -0.0018546 0.00988857 0.999943 -0.00399461 0.00189402 0.00397607 0.99999  0 0 -0.61335 0.00312599 -0.105101 0.0107245              14.5941 0.0384776 396.433              -0.146312 -20.5664 -0.0701126
1.36 11.3819 0 0.107978 0.999945 -0.0100073 -0.00307126 0.00999486 0.999942 -0.00402319 0.00311134 0.00399227 0.999987  0 0 -0.634515 0.00253961 -0.139078 0.0105661              14.6845 0.0035594 398.539              -0.122529 -20.238 -0.0638317
1.37 11.3819 0 0.101531 0.999938 -0.0101184 -0.00462117 0.0100997 0.999941 -0.00404688 0.00466184 0.00399996 0.999981  0 0 -0.655285 0.00205466 -0.171875 0.0104135              14.8816 -0.0249941 416.967              -0.123924 -20.7128 -0.0595853
1.38 11.3819 0 0.0948984 0.999927 -0.0102293 -0.00650704 0.010203 0.99994 -0.00406601 0.00654824 0.00399932 0.999971  0 0 -0.67317 0.00161265 -0.205229 0.0102647              15.4522 0.0384981 457.431              -0.155907 -22.1105 -0.0415898
1.39 11.3819 0 0.0881316 0.999908 -0.0103404 -0.00874519 0.010305 0.999939 -0.00407947 0.00878683 0.00398898 0.999953  0 0 -0.684602 0.00100851 -0.240957 0.0101412              15.6871 -0.297525 454.61              -0.233581 -21.4638 -0.0269982
1.4 11.3819 0 0.0812343 0.999881 -0.0104516 -0.0113202 0.0104059 0.999937 -0.00408931 0.0113623 0.00397103 0.999928  0 0 -0.695935 0.000631554 -0.274875 0.0100452              15.7237 -0.470368 458.24              -0.3018 -20.985 -0.0307878
1.41 11.3819 0 0.0742247 0.999843 -0.0105632 -0.0142251 0.0105059 0.999936 -0.00409594 0.0142675 0.00394585 0.99989  0 0 -0.706625 0.00034816 -0.307289 0.009954              17.1116 -0.256774 482.798              -0.270742 -21.336 -0.0224612
1.42 11.3819 0 0.0671366 0.999791 -0.010675 -0.0174493 0.010605 0.999935 -0.00409818 0.017492 0.00391227 0.999839  0 0 -0.713487 -0.000125917 -0.338605 0.0098742              16.5362 -0.18884 506.718              -0.223663 -21.7601 -0.0267049
1.43 11.3819 0 0.060003 0.999721 -0.0107872 -0.0209998 0.0107034 0.999934 -0.00409658 0.0210427 0.00387067 0.999771  0 0 -0.716299 -0.000576621 -0.371119 0.00979533              16.4337 0.0295899 496.663              -0.136359 -20.4306 -0.0360084
1.44 11.3819 0 0.0528194 0.999632 -0.0108994 -0.0248476 0.0108011 0.999933 -0.00409023 0.0248905 0.00382034 0.999683  0 0 -0.720354 -0.00110679 -0.400484 0.00970235              16.6175 0.0290434 517.643              -0.1182 -20.3231 -0.0492876
1.45 11.3819 0 0.0456211 0.999519 -0.0110115 -0.028988 0.0108977 0.999932 -0.00407944 0.0290309 0.00376157 0.999571  0 0 -0.721229 -0.00159875 -0.428924 0.00958457              16.5488 0.125724 545.989              -0.098787 -20.2935 -0.0405481
1.46 11.3819 0 0.0384417 0.99938 -0.0111233 -0.0334123 0.0109936 0.999931 -0.00406332 0.0334552 0.00369348 0.999433  0 0 -0.717745 -0.00218254 -0.456926 0.0094735              15.4669 0.0669797 552.304              -0.111095 -19.6325 -0.0485299
1.47 11.3819 0 0.031297 0.99921 -0.0112346 -0.0381136 0.0110885 0.99993 -0.00404235 0.0381564 0.00361654 0.999265  0 0 -0.71277 -0.00272091 -0.484423 0.00935093              15.8929 0.202641 551.636              -0.0582915 -18.4511 -0.0429734
1.48 11.3819 0 0.0241981 0.999008 -0.0113452 -0.0430636 0.0111825 0.999929 -0.0040159 0.0431061 0.00353036 0.999064  0 0 -0.707514 -0.00331624 -0.508589 0.00923262              16.38 0.313295 574.222              -0.00696928 -18.1571 -0.055677
1.49 11.3819 0 0.0171793 0.99877 -0.0114548 -0.0482485 0.0112757 0.999928 -0.00398379 0.0482906 0.00343485 0.998827  0 0 -0.698621 -0.00394378 -0.531036 0.00909798              16.3358 0.315156 591.006              -0.0169307 -17.6395 -0.0594866
1.5 11.3819 0 0.0102624 0.998493 -0.0115633 -0.0536488 0.0113679 0.999928 -0.00394555 0.0536905 0.00332973 0.998552  0 0 -0.687003 -0.00461944 -0.551822 0.00895402              15.8755 0.0587472 600.561              -0.119939 -16.9102 -0.0488659
1.51 11.3819 0 0.00346537 0.998175 -0.0116705 -0.0592477 0.0114594 0.999927 -0.00390202 0.0592889 0.00321596 0.998236  0 0 -0.673845 -0.00518463 -0.571059 0.00881953              15.4109 0.277028 607.433              -0.0241988 -16.0093 -0.057198
1.52 11.3819 0 -0.00319256 0.997814 -0.0117762 -0.0650278 0.0115501 0.999926 -0.00385248 0.0650684 0.00309298 0.997876  0 0 -0.659066 -0.00582136 -0.588578 0.00867535              16.5617 0.384908 614.065              0.0424203 -15.0229 -0.0802459
1.53 11.3819 0 -0.0096994 0.997409 -0.0118798 -0.0709523 0.0116397 0.999925 -0.00379706 0.0709921 0.00296136 0.997472  0 0 -0.643263 -0.0064648 -0.601956 0.00849035              16.1448 0.512415 623.948              0.11454 -14.0172 -0.0908826
1.54 11.3819 0 -0.0160368 0.996959 -0.0119811 -0.0770003 0.0117282 0.999924 -0.00373555 0.0770393 0.00282111 0.997024  0 0 -0.625613 -0.00712275 -0.613049 0.00828615              15.469 0.836176 648.312              0.30546 -13.2863 -0.130188
1.55 11.3819 0 -0.0221735 0.996464 -0.0120793 -0.0831537 0.0118152 0.999923 -0.00366762 0.0831917 0.00267217 0.99653  0 0 -0.604319 -0.00781157 -0.622865 0.00801459              15.5498 0.979242 666.29              0.409469 -12.2902 -0.154582
1.56 11.3819 0 -0.0280875 0.995923 -0.0121738 -0.0893833 0.0119002 0.999923 -0.00359338 0.0894202 0.00251505 0.995991  0 0 -0.580542 -0.00847752 -0.629814 0.00769385              15.503 1.48566 637.671              0.687254 -10.773 -0.158793
1.57 11.3819 0 -0.0338071 0.995339 -0.0122642 -0.095655 0.0119832 0.999922 -0.00351179 0.0956907 0.00234917 0.995408  0 0 -0.561045 -0.00925817 -0.632872 0.00735356              14.8958 1.41262 668.404              0.650353 -9.93128 -0.147288
1.58 11.3819 0 -0.0392824 0.994713 -0.0123504 -0.101953 0.0120642 0.999921 -0.00342285 0.101987 0.00217476 0.994783  0 0 -0.53647 -0.0100456 -0.634519 0.0070232              14.6365 0.978684 681.236              0.450031 -8.87188 -0.137346
1.59 11.3819 0 -0.0445003 0.994046 -0.0124323 -0.108251 0.0121434 0.999921 -0.00332782 0.108283 0.00199347 0.994118  0 0 -0.509301 -0.0106478 -0.633817 0.00672155              13.9447 0.652333 668.114              0.288588 -7.34995 -0.118255
1.6 11.3819 0 -0.0494705 0.993342 -0.0125103 -0.11452 0.0122211 0.99992 -0.00322776 0.114552 0.00180671 0.993416  0 0 -0.484064 -0.0111016 -0.630221 0.00646248              13.426 0.688959 673.898              0.27682 -6.13895 -0.0978828
1.61 11.3819 0 -0.0541795 0.992604 -0.0125846 -0.120739 0.0122976 0.99992 -0.00312239 0.120769 0.0016145 0.992679  0 0 -0.458047 -0.0116272 -0.624242 0.00623876              12.7189 0.941444 692.139              0.411807 -4.84851 -0.0927787
1.62 11.3819 0 -0.0586067 0.991837 -0.0126554 -0.126883 0.0123732 0.999919 -0.00301141 0.126911 0.00141686 0.991913  0 0 -0.429193 -0.012238 -0.615997 0.00602879              11.2788 0.666561 702.384              0.254681 -3.33845 -0.0587743
1.63 11.3819 0 -0.0627378 0.991043 -0.0127231 -0.132935 0.0124487 0.999918 -0.00289523 0.132961 0.00121443 0.991121  0 0 -0.398549 -0.0127991 -0.606111 0.00587972              11.1324 0.232455 704.045              0.0362526 -1.99113 -0.0276481
