*************************Generated by extractLog.sh*************************
*      Wed Jan  8 13:11:37 MST 2025. Case: 3D_RM6_noPTO_8CPH
* Note: Data was extracted from log.overInterDyMFoam using extractLog.sh
*       Can be visualized with plotMotion.py and/or plotForces.py
****************************************************************************
Time X(x3) Orientation(x9) dX(x3) dX_angular(x3) Force(x3) Moment(x3)
0.01 22.9328 0 -0.285989 1 0 3.79333e-05 0 1 0 -3.79333e-05 0 1  -0.000184143 0 0.00216739 0 0.00758667 0              -27.9077 -0.0252643 5956.24              -0.0125696 530.138 0.0864044
0.02 22.9328 0 -0.28598 1 0 0.00013961 0 1 0 -0.00013961 0 1  -0.00135743 0 0.00231231 0 0.016606 0              5.85257 -0.0544254 5959.59              0.0445325 408.912 -0.149888
0.03 22.9328 0 -0.285957 1 0 0.000269285 0 1 0 -0.000269285 0 1  -0.00222977 0 0.00291482 0 0.0162326 0              3.44899 -0.0760388 5941.15              0.0281934 274.411 -0.0899386
0.04 22.9327 0 -0.285929 1 0 0.000446105 0 1 0 -0.000446105 0 1  -0.00241192 0 0.0030147 0 0.0189661 0              -8.4492 -0.0859845 5938.2              0.0200934 253.845 -0.0867642
0.05 22.9327 0 -0.285892 1 0 0.000683452 0 1 0 -0.000683452 0 1  -0.00259924 0 0.00404766 0 0.0258434 0              -12.2547 -0.100427 5936.37              0.0153838 246.45 -0.0874101
0.06 22.9327 0 -0.285847 1 0 0.000959552 0 1 0 -0.000959552 0 1  -0.00348802 0 0.00484147 0 0.0302453 0              -21.1933 -0.205871 5925.69              0.035811 242.899 -0.145094
0.07 22.9327 0 -0.285797 0.999999 0 0.00127737 0 1 0 -0.00127737 0 0.999999  -0.00408874 0 0.00538337 0 0.0339705 0              -7.24726 -0.226617 5985.71              -0.016311 229.987 -0.0614911
0.08 22.9326 0 -0.285739 0.999999 0 0.00164258 0 1 0 -0.00164258 0 0.999999  -0.00439644 0 0.00612937 0 0.0386412 0              -10.7989 0.104185 5944.97              -0.191868 225.692 0.0261358
0.09 22.9326 0 -0.285675 0.999998 0 0.00205215 0 1 0 -0.00205215 0 0.999998  -0.00499212 0 0.00678104 0 0.0432171 0              -12.4584 0.124869 5939.02              -0.0801752 210.41 -0.0660337
0.1 22.9325 0 -0.285603 0.999997 0 0.00250443 0 1 0 -0.00250443 0 0.999997  -0.00559872 0 0.00753359 0 0.0474432 0              0.163063 0.231811 5917.95              0.0150646 198.313 -0.131768
0.11 22.9325 0 -0.285525 0.999995 0 0.00300041 0 1 0 -0.00300041 0 0.999995  -0.00611098 0 0.00819202 0 0.0517517 0              5.57739 -0.687096 5934.44              0.545047 186.873 -0.245587
0.12 22.9324 0 -0.28544 0.999994 0 0.00353965 0 1 0 -0.00353965 0 0.999994  -0.00664711 0 0.00884285 0 0.05608 0              1.0306 -0.0522521 5932.58              0.155636 178.198 -0.305303
0.13 22.9323 0 -0.285348 0.999992 0 0.00412117 0 1 0 -0.00412117 0 0.999992  -0.00721273 0 0.00955498 0 0.0602906 0              -35.2035 -0.151901 5921.1              0.10728 185.756 -0.0979339
0.14 22.9322 0 -0.285249 0.999989 0 0.00474467 0 1 0 -0.00474467 0 0.999989  -0.00778546 0 0.0101801 0 0.0644546 0              -4.12482 0.143709 5876.15              -0.0763841 149.885 0.0311464
0.15 22.9322 0 -0.285144 0.999985 0 0.00540958 0 1 0 -0.00540958 0 0.999985  -0.00833736 0 0.010876 0 0.0685697 0              -7.44622 0.0331055 5944.43              0.0481488 151.508 -0.00445584
0.16 22.9321 0 -0.285029 0.999981 0 0.00611532 0 1 0 -0.00611532 0 0.999981  -0.00885703 0 0.0118659 0 0.0726313 0              0.18138 -0.115043 5845.28              0.122444 127.922 -0.0319253
0.17 22.932 0 -0.284909 0.999976 0 0.00686194 0 1 0 -0.00686194 0 0.999976  -0.00954888 0 0.0123747 0 0.0767069 0              22.6861 -0.673867 5908.75              0.602996 111.1 -0.0286831
0.18 22.9319 0 -0.28477 0.999971 0 0.00764803 0 1 0 -0.00764803 0 0.999971  -0.00998838 0 0.0144064 0 0.080621 0              9.91911 0.211585 5962.34              -0.126497 106.757 -0.00408134
0.19 22.9318 0 -0.284631 0.999964 0 0.00847451 0 1 0 -0.00847451 0 0.999964  -0.0108289 0 0.0145348 0 0.0846369 0              -7.19878 -0.323596 6033.6              0.342507 107.948 -0.106889
0.2 22.9317 0 -0.284474 0.999956 0 0.00933928 0 1 0 -0.00933928 0 0.999956  -0.0112423 0 0.0162014 0 0.088441 0              -28.9469 -0.249536 5802.03              0.170686 90.9647 -0.110673
0.21 22.9316 0 -0.284312 0.999948 0 0.0102433 0 1 0 -0.0102433 0 0.999948  -0.0118894 0 0.0167299 0 0.0923367 0              -40.6816 -0.0452027 5840.78              0.0854409 94.9474 -0.0703964
0.22 22.9314 0 -0.284136 0.999937 0 0.0111845 0 1 0 -0.0111845 0 0.999937  -0.0124255 0 0.0179877 0 0.0960341 0              63.8659 -0.314038 6124.93              0.57985 41.422 -0.0398165
0.23 22.9313 0 -0.283953 0.999926 0 0.0121633 0 1 0 -0.0121633 0 0.999926  -0.0129471 0 0.0188849 0 0.0997556 0              16.3871 0.0787484 5923.41              0.184486 44.645 -0.0777231
0.24 22.9312 0 -0.28376 0.999913 0 0.0131786 0 1 0 -0.0131786 0 0.999913  -0.0134739 0 0.0197058 0 0.103389 0              14.5925 0.393163 5897.13              -0.170007 44.423 0.0246394
0.25 22.931 0 -0.283557 0.999899 0 0.0142297 0 1 0 -0.0142297 0 0.999899  -0.0139245 0 0.0207102 0 0.106931 0              -32.5976 -0.0831884 5771.41              -0.0635223 64.018 -0.0165479
0.26 22.9309 0 -0.283346 0.999883 0 0.0153155 0 1 0 -0.0153155 0 0.999883  -0.0144542 0 0.0215188 0 0.110346 0              14.731 -0.0712161 5911.03              0.282413 31.5769 -0.0394111
0.27 22.9308 0 -0.283127 0.999865 0 0.0164358 0 1 0 -0.0164358 0 0.999865  -0.014874 0 0.0222878 0 0.113771 0              -22.9147 0.44424 5836.39              -0.430509 32.0742 0.029716
0.28 22.9306 0 -0.282901 0.999845 0 0.0175889 0 1 0 -0.0175889 0 0.999845  -0.0152625 0 0.0230305 0 0.116996 0              25.7371 0.231744 6033.66              0.242907 18.4327 0.0483973
0.29 22.9304 0 -0.28267 0.999824 0 0.0187744 0 1 0 -0.0187744 0 0.999824  -0.0156533 0 0.0234027 0 0.120202 0              -15.7079 -0.099592 5862.41              0.297003 12.1057 -0.103275
0.3 22.9303 0 -0.282429 0.9998 0 0.0199917 0 1 0 -0.0199917 0 0.9998  -0.0159062 0 0.0244032 0 0.12335 0              -20.9306 0.125141 5828.3              0.218249 12.9129 -0.0145783
0.31 22.9301 0 -0.282187 0.999774 0 0.0212396 0 1 0 -0.0212396 0 0.999774  -0.0163849 0 0.0245362 0 0.126364 0              4.00566 -0.400829 5864.09              0.643759 5.00487 -0.0711888
0.32 22.93 0 -0.281937 0.999746 0 0.0225173 0 1 0 -0.0225173 0 0.999746  -0.0166397 0 0.0252812 0 0.129307 0              31.3175 0.131033 5975.66              0.252645 -12.1222 -0.104873
0.33 22.9298 0 -0.281679 0.999716 0 0.0238244 0 1 0 -0.0238244 0 0.999716  -0.0169536 0 0.0261052 0 0.132219 0              -3.8302 0.295545 5949.22              0.19248 12.5027 -0.115663
0.34 22.9296 0 -0.281409 0.999683 0 0.0251604 0 1 0 -0.0251604 0 0.999683  -0.0173964 0 0.0274827 0 0.135095 0              -38.1979 0.0855852 5801.73              0.176864 10.2709 -0.11305
0.35 22.9294 0 -0.281138 0.999648 0 0.0265252 0 1 0 -0.0265252 0 0.999648  -0.0179595 0 0.0274975 0 0.137962 0              -15.6753 0.154842 5789.75              0.157942 -4.06756 -0.195599
0.36 22.9293 0 -0.280878 0.99961 0 0.0279154 0 1 0 -0.0279154 0 0.99961  -0.0182826 0 0.0259016 0 0.140413 0              -5.53835 -0.699058 5892.62              0.785966 -0.998894 -0.274098
0.37 22.9291 0 -0.28059 0.99957 0 0.0293289 0 1 0 -0.0293289 0 0.99957  -0.0178888 0 0.0290171 0 0.142619 0              12.7276 0.549325 5925.61              -0.307808 -8.32277 -0.362569
0.38 22.9289 0 -0.28031 0.999526 0 0.030771 0 1 0 -0.030771 0 0.999526  -0.0189907 0 0.0286386 0 0.145539 0              -31.9275 0.224951 5878.16              0.185095 15.7047 -0.342237
0.39 22.9287 0 -0.280018 0.99948 0 0.0322364 0 1 0 -0.0322364 0 0.99948  -0.0192842 0 0.0294625 0 0.14792 0              -37.8161 0.946677 5827.86              -0.386075 17.2446 -0.22324
0.4 22.9285 0 -0.279716 0.999431 0 0.033725 0 1 0 -0.033725 0 0.999431  -0.0193355 0 0.0305559 0 0.150125 0              -28.0516 0.191207 5802.45              0.104996 9.98811 -0.290252
0.41 22.9283 0 -0.279418 0.999379 0 0.035237 0 1 0 -0.035237 0 0.999379  -0.0200033 0 0.0300177 0 0.152425 0              17.3978 0.157458 5855.15              0.114593 -4.96577 -0.31948
0.42 22.9281 0 -0.279105 0.999324 0 0.0367695 0 1 0 -0.0367695 0 0.999324  -0.0200345 0 0.0315395 0 0.154444 0              15.4212 0.0670395 5901.38              0.0336151 7.33363 -0.296236
0.43 22.9279 0 -0.278793 0.999265 0 0.0383231 0 1 0 -0.0383231 0 0.999265  -0.0205902 0 0.0316305 0 0.156509 0              18.0783 0.278519 5950.21              0.393428 27.4717 -0.403499
0.44 22.9277 0 -0.278472 0.999204 0 0.039897 0 1 0 -0.039897 0 0.999204  -0.0207911 0 0.0323075 0 0.158531 0              25.8642 0.0957301 5878.12              0.245114 15.9915 -0.348822
0.45 22.9275 0 -0.278146 0.999139 0 0.0414896 0 1 0 -0.0414896 0 0.999139  -0.0211069 0 0.0329345 0 0.160382 0              66.9637 0.614891 6081.5              0.566477 50.6071 -0.52357
0.46 22.9273 0 -0.277811 0.999071 0 0.0431005 0 1 0 -0.0431005 0 0.999071  -0.0214772 0 0.0339636 0 0.162149 0              -20.917 0.261862 5825.17              0.303703 49.2805 -0.333484
0.47 22.9271 0 -0.277484 0.998999 0 0.0447294 0 1 0 -0.0447294 0 0.998999  -0.0219937 0 0.0327409 0 0.16394 0              42.7481 -0.15566 5898.6              0.516806 62.4711 -0.438379
0.48 22.9269 0 -0.277135 0.998924 0 0.0463729 0 1 0 -0.0463729 0 0.998924  -0.0217181 0 0.0351572 0 0.165339 0              14.1927 -0.280879 5826.08              0.0465161 74.9679 -0.327451
0.49 22.9266 0 -0.276794 0.998846 0 0.0480346 0 1 0 -0.0480346 0 0.998846  -0.0225218 0 0.0345095 0 0.167168 0              14.305 -0.195561 5838.3              0.0681123 67.7964 -0.337893
0.5 22.9264 0 -0.276445 0.998764 0 0.0497104 0 1 0 -0.0497104 0 0.998764  -0.0226925 0 0.0349404 0 0.168593 0              34.9712 -0.200329 5878.74              0.094719 75.4376 -0.308358
0.51 22.9262 0 -0.276084 0.998678 0 0.0513996 0 1 0 -0.0513996 0 0.998678  -0.0226542 0 0.0364522 0 0.169841 0              45.7941 -0.19963 5870.46              0.0889199 85.9023 -0.275363
0.52 22.9259 0 -0.275732 0.998589 0 0.0531043 0 1 0 -0.0531043 0 0.998589  -0.0235112 0 0.0355046 0 0.171393 0              38.9419 -0.209104 5863.47              0.13262 104.225 -0.303698
0.53 22.9257 0 -0.275365 0.998496 0 0.0548192 0 1 0 -0.0548192 0 0.998496  -0.023282 0 0.0368666 0 0.17238 0              31.039 -0.272228 5850.33              0.154852 124.856 -0.324341
0.54 22.9255 0 -0.275007 0.9984 0 0.0565465 0 1 0 -0.0565465 0 0.9984  -0.02376 0 0.0359448 0 0.17358 0              41.7212 -0.288259 5841.01              0.122203 135.15 -0.263873
0.55 22.9252 0 -0.274635 0.9983 0 0.0582835 0 1 0 -0.0582835 0 0.9983  -0.0238307 0 0.0373191 0 0.174526 0              42.5836 -0.44471 5868.2              0.141303 151.87 -0.275174
0.56 22.925 0 -0.274249 0.998196 0 0.0600314 0 1 0 -0.0600314 0 0.998196  -0.0242083 0 0.0393017 0 0.175622 0              56.7115 -0.460254 5873.65              -0.0910282 161.94 -0.130787
0.57 22.9247 0 -0.273879 0.998089 0 0.0617901 0 1 0 -0.0617901 0 0.998089  -0.0251918 0 0.0371799 0 0.176722 0              44.8252 -0.513139 5822.67              -0.161736 175.272 -0.0630781
0.58 22.9245 0 -0.273476 0.997978 0 0.0635546 0 1 0 -0.0635546 0 0.997978  -0.0245064 0 0.0406567 0 0.177211 0              54.7296 -0.439602 5852.09              0.104003 189.2 -0.153202
0.59 22.9243 0 -0.273094 0.997864 0 0.065329 0 1 0 -0.065329 0 0.997864  -0.0256225 0 0.0385676 0 0.178192 0              71.755 -0.349762 5902.58              0.323595 207.059 -0.207377
0.6 22.924 0 -0.272695 0.997746 0 0.0671092 0 1 0 -0.0671092 0 0.997746  -0.0254547 0 0.0398811 0 0.178801 0              56.7877 -0.626915 5830.91              0.291341 231.167 -0.273172
0.61 22.9237 0 -0.272289 0.997624 0 0.0688948 0 1 0 -0.0688948 0 0.997624  -0.0256009 0 0.0409646 0 0.179279 0              67.1107 -0.376848 5867.04              0.153309 238.898 -0.00363651
0.62 22.9235 0 -0.271892 0.997499 0 0.0706876 0 1 0 -0.0706876 0 0.997499  -0.0263965 0 0.0397444 0 0.180022 0              74.5858 -0.44521 5877.16              0.130635 252.372 -0.0411261
0.63 22.9232 0 -0.271463 0.99737 0 0.0724817 0 1 0 -0.0724817 0 0.99737  -0.0258967 0 0.0431364 0 0.180142 0              70.7046 -0.427997 5865.59              0.137549 262.882 -0.00350326
0.64 22.923 0 -0.271066 0.997237 0 0.0742843 0 1 0 -0.0742843 0 0.997237  -0.0272623 0 0.0395942 0 0.181008 0              72.3337 -0.339039 5866.42              0.0369647 275.052 0.0529407
0.65 22.9227 0 -0.270625 0.997101 0 0.0760839 0 1 0 -0.0760839 0 0.997101  -0.0262999 0 0.0442818 0 0.180626 0              74.7046 -0.35167 5857.29              0.0784716 295.954 0.101143
0.66 22.9224 0 -0.270208 0.996962 0 0.0778894 0 1 0 -0.0778894 0 0.996962  -0.0274964 0 0.0422348 0 0.181156 0              63.3995 -0.46764 5840.29              0.118437 303.276 0.170528
0.67 22.9221 0 -0.269775 0.996819 0 0.0796956 0 1 0 -0.0796956 0 0.996819  -0.0276298 0 0.0434473 0 0.181314 0              68.3479 -0.266188 5801.37              -0.283191 326.757 0.314184
0.68 22.9219 0 -0.269343 0.996673 0 0.0815006 0 1 0 -0.0815006 0 0.996673  -0.0277256 0 0.0434699 0 0.18111 0              90.8723 -0.336662 5892.11              -0.186245 324.854 0.369108
0.69 22.9216 0 -0.26891 0.996524 0 0.0833061 0 1 0 -0.0833061 0 0.996524  -0.0281453 0 0.043341 0 0.181134 0              88.1883 -0.20639 5885.97              -0.164893 336.512 0.321809
0.7 22.9213 0 -0.268475 0.996372 0 0.0851098 0 1 0 -0.0851098 0 0.996372  -0.0283796 0 0.0433805 0 0.180973 0              61.9952 -0.192702 5824.85              0.170717 349.973 0.155185
0.71 22.921 0 -0.268037 0.996216 0 0.0869107 0 1 0 -0.0869107 0 0.996216  -0.0284427 0 0.0438998 0 0.180665 0              76.8479 -0.266749 5869.36              0.363612 353.531 0.055162
0.72 22.9207 0 -0.267615 0.996058 0 0.0887086 0 1 0 -0.0887086 0 0.996058  -0.0290045 0 0.0419862 0 0.180344 0              97.0644 -0.157876 5969.7              0.29934 344.322 -0.0112062
0.73 22.9204 0 -0.26717 0.995896 0 0.0904997 0 1 0 -0.0904997 0 0.995896  -0.0285808 0 0.0445038 0 0.179604 0              78.2812 -0.145828 5885.49              0.06354 365.384 0.0273101
0.74 22.9202 0 -0.266751 0.995732 0 0.0922907 0 1 0 -0.0922907 0 0.995732  -0.0295274 0 0.0418538 0 0.179665 0              75.3747 -0.130118 5858.51              -0.166993 380.252 0.154421
0.75 22.9199 0 -0.266305 0.995565 0 0.0940731 0 1 0 -0.0940731 0 0.995565  -0.029172 0 0.0447533 0 0.17882 0              79.2292 -0.0858739 5877.77              -0.106026 384.023 0.0730119
0.76 22.9196 0 -0.265875 0.995396 0 0.0958523 0 1 0 -0.0958523 0 0.995396  -0.0299809 0 0.0432271 0 0.178437 0              62.2321 -0.113586 5827.43              -0.121741 395.53 0.0777444
0.77 22.9193 0 -0.265437 0.995223 0 0.0976243 0 1 0 -0.0976243 0 0.995223  -0.0300928 0 0.0437204 0 0.177758 0              69.6847 -0.201453 5893.31              -0.0257522 385.253 -0.0293008
0.78 22.919 0 -0.265 0.995049 0 0.0993884 0 1 0 -0.0993884 0 0.995049  -0.0302236 0 0.0438041 0 0.176923 0              66.4485 -0.133403 5877.1              0.035596 395.836 -0.178658
0.79 22.9187 0 -0.26456 0.994872 0 0.101145 0 1 0 -0.101145 0 0.994872  -0.0305544 0 0.0440236 0 0.176198 0              67.0096 -0.138414 5892.86              0.0475167 395.986 -0.174967
0.8 22.9184 0 -0.26413 0.994692 0 0.102894 0 1 0 -0.102894 0 0.994692  -0.0309958 0 0.0428766 0 0.175364 0              66.2292 -0.0252592 5874.47              -0.0182022 399.053 -0.129936
0.81 22.918 0 -0.263689 0.994511 0 0.10463 0 1 0 -0.10463 0 0.994511  -0.0308343 0 0.0440435 0 0.174169 0              55.9759 0.050428 5877.45              -0.172495 399.893 -0.0968493
0.82 22.9177 0 -0.263257 0.994328 0 0.106359 0 1 0 -0.106359 0 0.994328  -0.0315057 0 0.0431567 0 0.173336 0              67.6726 -0.0890139 5895.68              0.012899 389.858 -0.251353
0.83 22.9174 0 -0.262813 0.994143 0 0.108077 0 1 0 -0.108077 0 0.994143  -0.0316479 0 0.0445502 0 0.172278 0              52.1304 0.0712215 5858.86              -0.0576287 399.969 -0.314851
0.84 22.9171 0 -0.262386 0.993955 0 0.109784 0 1 0 -0.109784 0 0.993955  -0.0322537 0 0.0427576 0 0.171242 0              44.7232 0.000884986 5854.22              -0.029807 401.309 -0.230509
0.85 22.9168 0 -0.261947 0.993767 0 0.111478 0 1 0 -0.111478 0 0.993767  -0.0320626 0 0.0438509 0 0.169818 0              54.9022 -0.0175619 5873.86              -0.0607415 386.454 -0.229762
0.86 22.9164 0 -0.261511 0.993577 0 0.11316 0 1 0 -0.11316 0 0.993577  -0.0326646 0 0.0436428 0 0.168585 0              45.031 0.0960954 5905.13              -0.0446607 378.361 -0.370861
0.87 22.9161 0 -0.26108 0.993385 0 0.114829 0 1 0 -0.114829 0 0.993385  -0.0331318 0 0.0429577 0 0.167428 0              39.875 -0.0621525 5860.08              0.0811268 383.455 -0.546454
0.88 22.9158 0 -0.260642 0.993193 0 0.116482 0 1 0 -0.116482 0 0.993193  -0.0329788 0 0.0437573 0 0.165801 0              32.0442 -0.0221812 5866.7              0.102892 382.41 -0.499081
0.89 22.9155 0 -0.260214 0.992999 0 0.118123 0 1 0 -0.118123 0 0.992999  -0.0336503 0 0.0427856 0 0.164485 0              47.6328 0.058498 5824.87              -0.165656 401.228 -0.212125
0.9 22.9151 0 -0.259782 0.992804 0 0.119748 0 1 0 -0.119748 0 0.992804  -0.0337778 0 0.0430515 0 0.162972 0              53.838 0.0799136 5895.54              -0.0484289 379.159 -0.401367
0.91 22.9148 0 -0.259353 0.992609 0 0.121357 0 1 0 -0.121357 0 0.992609  -0.0341511 0 0.0427888 0 0.16125 0              41.2453 0.0697685 5884.6              0.0139989 370.101 -0.508683
0.92 22.9144 0 -0.258926 0.992413 0 0.12295 0 1 0 -0.12295 0 0.992413  -0.0344556 0 0.0425934 0 0.159703 0              39.5331 0.121238 5860.74              0.0321426 360.68 -0.469533
0.93 22.9141 0 -0.258491 0.992216 0 0.124528 0 1 0 -0.124528 0 0.992216  -0.0346856 0 0.0437215 0 0.158259 0              25.144 0.097417 5846.74              0.102833 358.833 -0.499167
0.94 22.9137 0 -0.258072 0.992019 0 0.126088 0 1 0 -0.126088 0 0.992019  -0.0354812 0 0.0419368 0 0.156511 0              31.2192 0.0750323 5855.32              0.0631899 347.693 -0.436394
0.95 22.9134 0 -0.257641 0.991822 0 0.12763 0 1 0 -0.12763 0 0.991822  -0.0353781 0 0.0430197 0 0.154495 0              23.051 0.0179428 5867.36              0.0512476 339.879 -0.3589
0.96 22.913 0 -0.257222 0.991625 0 0.129154 0 1 0 -0.129154 0 0.991625  -0.0360184 0 0.0417758 0 0.152794 0              31.8947 0.0542383 5862.7              0.0989773 333.882 -0.35207
0.97 22.9127 0 -0.256801 0.991427 0 0.130659 0 1 0 -0.130659 0 0.991427  -0.0362749 0 0.0418747 0 0.15077 0              20.8224 0.0662852 5860.59              0.102439 327.147 -0.287307
0.98 22.9123 0 -0.256371 0.99123 0 0.132144 0 1 0 -0.132144 0 0.99123  -0.036339 0 0.0431664 0 0.148934 0              12.7853 0.101286 5862.83              0.104716 320.264 -0.210521
0.99 22.9119 0 -0.255967 0.991034 0 0.133612 0 1 0 -0.133612 0 0.991034  -0.0375318 0 0.0401509 0 0.147113 0              20.3335 0.0644902 5860.29              0.116619 307.408 -0.156817
1 22.9116 0 -0.25554 0.990838 0 0.135055 0 1 0 -0.135055 0 0.990838  -0.0367831 0 0.0425897 0 0.144585 0              7.44134 -0.0525379 5859.61              0.301602 301.598 -0.312979
1.01 22.9112 0 -0.255133 0.990643 0 0.136481 0 1 0 -0.136481 0 0.990643  -0.0378493 0 0.0407849 0 0.142891 0              0.524626 0.0386001 5852.15              0.120881 295.767 -0.0225197
1.02 22.9108 0 -0.254719 0.990448 0 0.137885 0 1 0 -0.137885 0 0.990448  -0.0381456 0 0.0410645 0 0.140761 0              8.47051 0.0163186 5862.7              0.111889 282.74 0.0823313
1.03 22.9104 0 -0.2543 0.990255 0 0.139267 0 1 0 -0.139267 0 0.990255  -0.0381912 0 0.042093 0 0.138425 0              2.26473 -0.131825 5892.36              0.388313 272.792 -0.174524
1.04 22.91 0 -0.253903 0.990062 0 0.140629 0 1 0 -0.140629 0 0.990062  -0.0392892 0 0.0394468 0 0.136535 0              -6.845 -0.152446 5867.23              0.330088 269.592 -0.0132296
1.05 22.9097 0 -0.253488 0.989872 0 0.141965 0 1 0 -0.141965 0 0.989872  -0.0387439 0 0.0413723 0 0.133867 0              -9.13158 -0.15327 5845.47              0.217432 260.969 0.282121
1.06 22.9093 0 -0.25309 0.989682 0 0.143282 0 1 0 -0.143282 0 0.989682  -0.0396807 0 0.0398141 0 0.131863 0              -17.9008 -0.106175 5845.58              0.152267 257.351 0.335778
1.07 22.9089 0 -0.252688 0.989494 0 0.144575 0 1 0 -0.144575 0 0.989494  -0.0399293 0 0.039944 0 0.129568 0              -0.296618 -0.199304 5893.33              0.301437 242.737 0.169875
1.08 22.9085 0 -0.252285 0.989308 0 0.145844 0 1 0 -0.145844 0 0.989308  -0.0400539 0 0.0402508 0 0.127058 0              -7.06685 -0.316168 5887.92              0.360627 232.126 0.0602915
1.09 22.9081 0 -0.251895 0.989123 0 0.14709 0 1 0 -0.14709 0 0.989123  -0.0408232 0 0.0387469 0 0.12477 0              -19.6332 -0.293726 5873.2              0.385575 229.259 0.00868277
1.1 22.9076 0 -0.251494 0.988941 0 0.14831 0 1 0 -0.14831 0 0.988941  -0.0406918 0 0.0400099 0 0.122187 0              -36.4402 -0.280301 5847.56              0.39493 223.19 -0.0687608
1.11 22.9072 0 -0.251119 0.988761 0 0.149506 0 1 0 -0.149506 0 0.988761  -0.0417171 0 0.0371537 0 0.119729 0              -24.1197 -0.341881 5859.84              0.355704 218.023 -0.0617669
1.12 22.9068 0 -0.250728 0.988583 0 0.150675 0 1 0 -0.150675 0 0.988583  -0.0412449 0 0.0388695 0 0.116908 0              -14.0451 -0.488788 5892.32              0.398266 206.958 -0.137346
1.13 22.9064 0 -0.250344 0.988408 0 0.151821 0 1 0 -0.151821 0 0.988408  -0.0419136 0 0.0385492 0 0.114668 0              -11.8874 -0.0311853 5857.82              -0.0575656 208.728 0.274253
1.14 22.906 0 -0.249973 0.988235 0 0.152941 0 1 0 -0.152941 0 0.988235  -0.0428241 0 0.0366873 0 0.112132 0              -11.4051 -0.247991 5895.59              0.195196 197.501 0.0725182
1.15 22.9056 0 -0.249586 0.988066 0 0.154033 0 1 0 -0.154033 0 0.988066  -0.0421781 0 0.0385759 0 0.109178 0              -17.5111 -0.326044 5893.8              0.243205 190.657 0.0217587
1.16 22.9051 0 -0.249219 0.987898 0 0.155103 0 1 0 -0.155103 0 0.987898  -0.0432698 0 0.0367388 0 0.107014 0              -21.1147 -0.329386 5881.33              0.280147 189.629 0.0324642
1.17 22.9047 0 -0.248847 0.987734 0 0.156145 0 1 0 -0.156145 0 0.987734  -0.0434108 0 0.0369301 0 0.104151 0              -20.3805 -0.333594 5887.51              0.259187 183.242 0.0694474
1.18 22.9043 0 -0.248473 0.987573 0 0.157159 0 1 0 -0.157159 0 0.987573  -0.0434955 0 0.037389 0 0.101356 0              -16.9415 -0.338879 5899.89              0.251423 178.955 0.099356
1.19 22.9038 0 -0.248115 0.987415 0 0.158149 0 1 0 -0.158149 0 0.987415  -0.0443407 0 0.0355966 0 0.0989151 0              -17.079 -0.168784 5902.53              0.105285 170.969 0.184402
1.2 22.9034 0 -0.247744 0.987261 0 0.15911 0 1 0 -0.15911 0 0.987261  -0.0440411 0 0.0368814 0 0.0959894 0              -17.5143 -0.262038 5891.45              0.203198 173.682 0.132755
1.21 22.9029 0 -0.247388 0.98711 0 0.160046 0 1 0 -0.160046 0 0.98711  -0.0447228 0 0.0356213 0 0.0934473 0              -17.2634 -0.351527 5898.31              0.215015 170.013 0.0516307
1.22 22.9025 0 -0.247031 0.986962 0 0.160954 0 1 0 -0.160954 0 0.986962  -0.0449727 0 0.035341 0 0.090629 0              -16.51 -0.221701 5910.07              0.246204 166.44 0.0893438
1.23 22.902 0 -0.246676 0.986818 0 0.161834 0 1 0 -0.161834 0 0.986818  -0.0450089 0 0.0354338 0 0.0877846 0              -16.9815 -0.205822 5905.92              0.176656 164.083 0.0192647
1.24 22.9016 0 -0.246333 0.986678 0 0.162687 0 1 0 -0.162687 0 0.986678  -0.0456164 0 0.0340487 0 0.0850233 0              -14.4342 -0.119677 5910.02              0.131457 157.826 -0.000612953
1.25 22.9011 0 -0.245985 0.986542 0 0.163511 0 1 0 -0.163511 0 0.986542  -0.0455613 0 0.0344737 0 0.0821082 0              -15.3669 -0.0654032 5891.71              0.0979083 163.987 -0.0646218
1.26 22.9007 0 -0.245645 0.986409 0 0.164308 0 1 0 -0.164308 0 0.986409  -0.0459262 0 0.0339243 0 0.0793917 0              -12.931 -0.108598 5910.34              0.131365 161.935 -0.178087
1.27 22.9002 0 -0.245306 0.986281 0 0.165077 0 1 0 -0.165077 0 0.986281  -0.0461608 0 0.0338171 0 0.076622 0              -11.3226 0.215607 5911.17              -0.0773132 160.626 -0.0774578
1.28 22.8997 0 -0.244963 0.986156 0 0.16582 0 1 0 -0.16582 0 0.986156  -0.0462694 0 0.0342879 0 0.0739389 0              -10.7955 0.0508225 5904.49              0.056501 163.925 -0.231784
1.29 22.8993 0 -0.244627 0.986035 0 0.166536 0 1 0 -0.166536 0 0.986035  -0.0467354 0 0.0335803 0 0.0712168 0              -8.7469 0.251307 5913.69              -0.0810481 160.843 -0.212111
1.3 22.8988 0 -0.244294 0.985919 0 0.167222 0 1 0 -0.167222 0 0.985919  -0.0468896 0 0.033149 0 0.0682468 0              -6.51286 -0.0874362 5917.03              0.151309 163.102 -0.388302
1.31 22.8983 0 -0.243959 0.985807 0 0.167881 0 1 0 -0.167881 0 0.985807  -0.0468828 0 0.0333667 0 0.0653196 0              -3.46373 0.0998819 5923.06              0.0280666 162.658 -0.350559
1.32 22.8979 0 -0.243635 0.9857 0 0.168512 0 1 0 -0.168512 0 0.9857  -0.0473493 0 0.0322585 0 0.0626261 0              -1.89011 0.109358 5936.7              0.0170373 160.797 -0.385299
1.33 22.8974 0 -0.24331 0.985597 0 0.169113 0 1 0 -0.169113 0 0.985597  -0.0473518 0 0.0322673 0 0.059546 0              -3.80249 0.197978 5923.98              0.0319195 167.506 -0.423478
1.34 22.8969 0 -0.24298 0.985498 0 0.169689 0 1 0 -0.169689 0 0.985498  -0.0473528 0 0.0331579 0 0.0570391 0              -4.90782 0.23071 5922.57              -0.0221624 167.079 -0.387588
1.35 22.8964 0 -0.242669 0.985403 0 0.170236 0 1 0 -0.170236 0 0.985403  -0.0480631 0 0.0310493 0 0.0541152 0              -5.22979 0.206546 5925.06              -0.0115441 168.945 -0.403123
1.36 22.896 0 -0.242345 0.985314 0 0.170754 0 1 0 -0.170754 0 0.985314  -0.0474825 0 0.0322635 0 0.0510766 0              -3.78778 0.18916 5930.81              -0.0140919 169.691 -0.361048
1.37 22.8955 0 -0.242038 0.985228 0 0.171245 0 1 0 -0.171245 0 0.985228  -0.0481172 0 0.0305891 0 0.0484232 0              -3.32682 0.281192 5935.19              -0.0621333 171.136 -0.315415
1.38 22.895 0 -0.241724 0.985148 0 0.171708 0 1 0 -0.171708 0 0.985148  -0.047828 0 0.031249 0 0.045579 0              -2.01505 0.19839 5935.33              -0.038947 174.513 -0.354295
1.39 22.8945 0 -0.241423 0.985072 0 0.172142 0 1 0 -0.172142 0 0.985072  -0.0481349 0 0.0299122 0 0.0426038 0              -1.87758 0.173918 5936.39              -0.0649896 177.279 -0.318507
1.4 22.8941 0 -0.241118 0.985001 0 0.172549 0 1 0 -0.172549 0 0.985001  -0.047768 0 0.0301824 0 0.0399228 0              -2.16001 0.0665136 5932.08              -0.0496376 181.027 -0.430652
1.41 22.8936 0 -0.240831 0.984935 0 0.172926 0 1 0 -0.172926 0 0.984935  -0.048178 0 0.0284113 0 0.0368949 0              -2.66436 0.091148 5939.19              -0.062644 181.871 -0.336945
1.42 22.8931 0 -0.240538 0.984874 0 0.173275 0 1 0 -0.173275 0 0.984874  -0.0477578 0 0.0290338 0 0.0338665 0              -4.12937 0.103195 5934.62              -0.0885198 185.423 -0.277249
1.43 22.8926 0 -0.240258 0.984817 0 0.173598 0 1 0 -0.173598 0 0.984817  -0.0479637 0 0.0277283 0 0.03138 0              -2.05076 0.016436 5939.65              -0.0779787 189.298 -0.295686
1.44 22.8921 0 -0.239978 0.984765 0 0.173891 0 1 0 -0.173891 0 0.984765  -0.0477319 0 0.0277401 0 0.0284408 0              -1.84986 0.00987058 5937.94              -0.0944063 193.033 -0.277225
1.45 22.8917 0 -0.239705 0.984718 0 0.174157 0 1 0 -0.174157 0 0.984718  -0.0477153 0 0.0271562 0 0.0255793 0              -1.91332 -0.0679196 5935.7              0.020336 198.809 -0.381198
1.46 22.8912 0 -0.23944 0.984676 0 0.174395 0 1 0 -0.174395 0 0.984676  -0.0477736 0 0.0261022 0 0.0227617 0              -0.232939 0.0764477 5942.86              -0.0291111 200.871 -0.262205
1.47 22.8907 0 -0.239174 0.984639 0 0.174605 0 1 0 -0.174605 0 0.984639  -0.0473379 0 0.0263789 0 0.0199045 0              -0.636793 -0.110739 5941.2              -0.0397751 206.027 -0.281405
1.48 22.8902 0 -0.238922 0.984606 0 0.174788 0 1 0 -0.174788 0 0.984606  -0.0475747 0 0.024966 0 0.017165 0              0.41368 -0.221716 5943.39              -0.0276593 210.313 -0.307648
1.49 22.8898 0 -0.238668 0.984579 0 0.174942 0 1 0 -0.174942 0 0.984579  -0.0471709 0 0.0250125 0 0.0142342 0              1.74464 -0.271045 5945.72              -0.0253383 214.428 -0.252968
1.5 22.8893 0 -0.238422 0.984556 0 0.17507 0 1 0 -0.17507 0 0.984556  -0.0470383 0 0.0244223 0 0.011612 0              -2.16589 -0.338504 5931.22              -0.149718 220.484 -0.121784
1.51 22.8888 0 -0.238183 0.984538 0 0.175171 0 1 0 -0.175171 0 0.984538  -0.0469584 0 0.023644 0 0.00893145 0              5.16519 -0.539516 5969.54              0.218335 223.385 -0.535314
1.52 22.8884 0 -0.237945 0.984525 0 0.175245 0 1 0 -0.175245 0 0.984525  -0.0465789 0 0.0235378 0 0.00612577 0              4.30186 -0.511524 5940.47              -0.126725 228.146 -0.383356
1.53 22.8879 0 -0.237715 0.984516 0 0.175293 0 1 0 -0.175293 0 0.984516  -0.0464372 0 0.0227594 0 0.00354503 0              3.5038 -0.487969 5935.56              -0.0797062 234.158 -0.203462
1.54 22.8874 0 -0.237489 0.984512 0 0.175315 0 1 0 -0.175315 0 0.984512  -0.0461404 0 0.0223594 0 0.00091657 0              0.0639065 -0.466807 5921.66              -0.255079 241.025 0.0407064
1.55 22.887 0 -0.237267 0.984513 0 0.175311 0 1 0 -0.175311 0 0.984513  -0.0458221 0 0.0219839 0 -0.00173866 0              9.59367 -0.605525 5943.95              -0.130219 243.661 -0.123326
1.56 22.8865 0 -0.237053 0.984518 0 0.175281 0 1 0 -0.175281 0 0.984518  -0.0456477 0 0.0211537 0 -0.0043288 0              2.64752 -0.52269 5895.69              -0.33637 250.991 0.174608
1.57 22.8861 0 -0.236839 0.984528 0 0.175226 0 1 0 -0.175226 0 0.984528  -0.045141 0 0.0211911 0 -0.00689704 0              14.1648 -0.685001 5941.22              -0.132301 253.931 -0.0109805
1.58 22.8856 0 -0.236633 0.984542 0 0.175147 0 1 0 -0.175147 0 0.984542  -0.0449457 0 0.0203499 0 -0.00933122 0              22.906 -0.669198 5973.09              -0.212673 257.116 0.091535
1.59 22.8852 0 -0.236433 0.984561 0 0.175041 0 1 0 -0.175041 0 0.984561  -0.044629 0 0.0197499 0 -0.0119726 0              15.2523 -0.901262 5960.71              0.142281 266.438 -0.250776
1.6 22.8847 0 -0.236233 0.984584 0 0.174912 0 1 0 -0.174912 0 0.984584  -0.044059 0 0.0197294 0 -0.0144756 0              7.61645 -0.742087 5920.83              -0.0402214 274.038 0.046665
1.61 22.8843 0 -0.236043 0.984611 0 0.174758 0 1 0 -0.174758 0 0.984611  -0.0438707 0 0.0188135 0 -0.0167873 0              17.4038 -0.877112 5957.55              0.182379 278.767 -0.143681
1.62 22.8838 0 -0.235854 0.984643 0 0.174581 0 1 0 -0.174581 0 0.984643  -0.0432972 0 0.0186836 0 -0.0192508 0              14.8814 -0.738945 5903.73              -0.200774 284.36 0.337415
1.63 22.8834 0 -0.235672 0.984679 0 0.174379 0 1 0 -0.174379 0 0.984679  -0.0429723 0 0.017925 0 -0.0216713 0              20.9443 -0.651888 5921.43              -0.17003 289.015 0.388637
1.64 22.883 0 -0.235493 0.984718 0 0.174155 0 1 0 -0.174155 0 0.984718  -0.0424588 0 0.0175903 0 -0.0240028 0              29.5266 -0.633726 5927.92              -0.219423 294.793 0.500908
1.65 22.8826 0 -0.235321 0.984762 0 0.173907 0 1 0 -0.173907 0 0.984762  -0.0420325 0 0.0169922 0 -0.0263208 0              28.8162 -0.625116 5919.19              -0.247487 300.789 0.564112
1.66 22.8821 0 -0.235156 0.98481 0 0.173637 0 1 0 -0.173637 0 0.98481  -0.0416099 0 0.0162021 -0 -0.0286158 0              28.8236 -0.558286 5929.03              -0.145447 307.006 0.533541
1.67 22.8817 0 -0.234993 0.984861 0 0.173344 0 1 0 -0.173344 0 0.984861  -0.0409353 0 0.0160902 -0 -0.0308904 0              18.7834 -0.561497 5899.47              -0.0903989 316.622 0.468708
1.68 22.8813 0 -0.234835 0.984917 0 0.17303 0 1 0 -0.17303 0 0.984917  -0.0404954 0 0.0155092 0 -0.0329806 0              9.6803 -0.538547 5869.94              0.0406174 326.75 0.339243
1.69 22.8809 0 -0.234683 0.984975 0 0.172694 0 1 0 -0.172694 0 0.984975  -0.0399549 0 0.0150025 0 -0.0351195 0              25.0907 -0.467257 5922.14              0.0289294 327.775 0.352212
1.7 22.8805 0 -0.234536 0.985038 0 0.172338 0 1 0 -0.172338 0 0.985038  -0.0393908 0 0.014381 -0 -0.037268 0              23.9057 -0.474526 5913.91              0.0235021 332.402 0.276247
1.71 22.8801 0 -0.234392 0.985104 0 0.171961 0 1 0 -0.171961 0 0.985104  -0.0387177 0 0.0141857 -0 -0.0393076 0              22.9742 -0.363795 5891.2              -0.0891276 338.58 0.213678
1.72 22.8797 0 -0.234252 0.985173 0 0.171564 0 1 0 -0.171564 0 0.985173  -0.0381325 0 0.0138001 0 -0.041273 0              21.3406 -0.411656 5893.96              -0.0152566 347.129 0.0726358
1.73 22.8794 0 -0.234118 0.985245 0 0.171148 0 1 0 -0.171148 0 0.985245  -0.0375814 0 0.0131543 0 -0.0432737 0              20.7194 -0.463904 5886.44              0.0672207 352.859 -0.0346012
1.74 22.879 0 -0.233985 0.985321 0 0.170712 0 1 0 -0.170712 0 0.985321  -0.0367961 0 0.0130937 0 -0.045236 0              9.96834 -0.316954 5803.53              -0.108884 364.891 -0.0698598
1.75 22.8786 0 -0.23386 0.9854 0 0.170258 0 1 0 -0.170258 0 0.9854  -0.0362707 0 0.0123479 0 -0.0470308 0              27.7374 -0.217974 5911.08              -0.107007 363.242 -0.361494
1.76 22.8783 0 -0.233733 0.985481 0 0.169785 0 1 0 -0.169785 0 0.985481  -0.0354031 0 0.0125979 0 -0.0489181 0              32.3815 -0.299526 5919.53              -0.0183395 366.335 -0.424366
1.77 22.8779 0 -0.233614 0.985565 0 0.169295 0 1 0 -0.169295 0 0.985565  -0.0349121 0 0.0117433 0 -0.0506344 0              20.6233 -0.296684 5885.2              0.0109607 375.779 -0.55284
1.78 22.8776 0 -0.233491 0.985653 0 0.168786 0 1 0 -0.168786 0 0.985653  -0.0339652 0 0.0121705 0 -0.0525061 0              22.8634 -0.177891 5806.23              -0.311823 384.349 -0.342228
1.79 22.8772 0 -0.23338 0.985742 0 0.168263 0 1 0 -0.168263 0 0.985742  -0.0335303 0 0.0108616 0 -0.0539355 0              42.2668 -0.185104 5927.78              -0.0952141 382.729 -0.546331
1.8 22.8769 0 -0.233265 0.985835 0 0.167721 0 1 0 -0.167721 0 0.985835  -0.0324755 0 0.0113635 0 -0.0558003 0              25.5189 -0.254866 5882.48              0.0132123 392.087 -0.684297
1.81 22.8766 0 -0.233158 0.985929 0 0.167164 0 1 0 -0.167164 0 0.985929  -0.0319283 0 0.0105976 0 -0.057342 0              11.984 -0.365951 5893.85              0.223438 401.305 -0.905471
1.82 22.8763 0 -0.233053 0.986026 0 0.166591 0 1 0 -0.166591 0 0.986026  -0.0311492 0 0.010282 0 -0.0588586 0              -29.1263 -0.175971 5763.2              0.0287183 416.237 -0.64091
1.83 22.876 0 -0.23295 0.986125 0 0.166003 0 1 0 -0.166003 0 0.986125  -0.0302743 0 0.0101041 0 -0.0603968 0              11.7752 -0.0310751 5844.74              -0.0298721 414.498 -0.477285
1.84 22.8757 0 -0.232853 0.986226 0 0.165401 0 1 0 -0.165401 0 0.986226  -0.0295957 0 0.00952357 0 -0.0618311 0              37.233 -0.0111302 5895.64              -0.0233354 415.603 -0.391113
1.85 22.8754 0 -0.232757 0.98633 0 0.164784 0 1 0 -0.164784 0 0.98633  -0.0286877 0 0.00940463 0 -0.0632351 0              36.8551 0.0248263 5900.83              0.0849811 422.87 -0.379971
1.86 22.8751 0 -0.232667 0.986435 0 0.164154 0 1 0 -0.164154 0 0.986435  -0.0279389 0 0.00891237 0 -0.0645924 0              6.76007 0.164744 5820.24              0.00614905 432.947 -0.177523
1.87 22.8748 0 -0.232578 0.986542 0 0.16351 0 1 0 -0.16351 0 0.986542  -0.027082 0 0.0086999 0 -0.0659353 0              13.042 0.138714 5837.32              0.115421 438.626 -0.166728
1.88 22.8745 0 -0.232494 0.98665 0 0.162854 0 1 0 -0.162854 0 0.98665  -0.0263 0 0.00823363 0 -0.0672086 0              24.8116 0.104517 5913.77              0.308137 440.27 -0.27033
1.89 22.8743 0 -0.232413 0.98676 0 0.162185 0 1 0 -0.162185 0 0.98676  -0.0254235 0 0.00793603 0 -0.068412 0              20.5908 -0.0450744 5843.29              0.15224 453.568 -0.151952
1.9 22.874 0 -0.232335 0.986872 0 0.161504 0 1 0 -0.161504 0 0.986872  -0.0245638 0 0.00762863 0 -0.0696063 0              17.0643 0.286568 5824.49              0.0958671 456.632 0.0271581
1.91 22.8738 0 -0.232261 0.986985 0 0.160812 0 1 0 -0.160812 0 0.986985  -0.0237423 0 0.00721115 0 -0.0707644 0              25.9495 0.152152 5850.79              0.307415 460.321 -0.0969379
1.92 22.8736 0 -0.23219 0.9871 0 0.160108 0 1 0 -0.160108 0 0.9871  -0.0228538 0 0.00698659 0 -0.0718635 0              34.4733 0.203629 5871.77              0.273322 463.569 0.0320488
1.93 22.8733 0 -0.232121 0.987215 0 0.159393 0 1 0 -0.159393 0 0.987215  -0.0220069 0 0.00670301 0 -0.0729366 0              38.047 0.274604 5855.77              0.243597 477.563 0.0253104
1.94 22.8731 0 -0.232059 0.987332 0 0.15867 0 1 0 -0.15867 0 0.987332  -0.0211748 0 0.00608753 0 -0.073797 0              28.9069 0.158224 5832.24              0.34216 479.408 -0.0290421
1.95 22.8729 0 -0.232003 0.987449 0 0.157938 0 1 0 -0.157938 0 0.987449  -0.0202746 0 0.00529632 0 -0.0746015 0              30.2419 0.30546 5831.5              0.240567 482.317 -0.0294742
1.96 22.8727 0 -0.231944 0.987568 0 0.157195 0 1 0 -0.157195 0 0.987568  -0.0191546 0 0.00569938 0 -0.0756826 0              31.701 0.365327 5834.66              0.193224 486.568 -0.0251581
1.97 22.8725 0 -0.231896 0.987687 0 0.156445 0 1 0 -0.156445 0 0.987687  -0.0185752 0 0.00460151 0 -0.0764176 0              35.5111 0.355883 5840.64              0.192963 491.047 -0.0814975
1.98 22.8724 0 -0.231847 0.987807 0 0.155685 0 1 0 -0.155685 0 0.987807  -0.0175027 0 0.0047287 0 -0.0773521 0              36.0012 0.325616 5833.83              0.218169 496.381 -0.15637
1.99 22.8722 0 -0.231801 0.987927 0 0.154917 0 1 0 -0.154917 0 0.987927  -0.0165894 0 0.0044589 0 -0.0781074 0              38.7029 0.394284 5836.24              0.18369 501.191 -0.157102
2 22.872 0 -0.23177 0.988048 0 0.154145 0 1 0 -0.154145 0 0.988048  -0.0159815 0 0.00272793 0 -0.0784629 0              40.368 0.42821 5838.35              0.193249 504.098 -0.153812
2.01 22.8719 0 -0.23173 0.98817 0 0.153364 0 1 0 -0.153364 0 0.98817  -0.0144489 0 0.00381551 0 -0.0793694 0              40.5441 0.668794 5830.26              -0.0238895 506.572 0.010971
2.02 22.8717 0 -0.231709 0.988291 0 0.15258 0 1 0 -0.15258 0 0.988291  -0.0140708 0 0.00185062 0 -0.0796803 0              43.2708 0.46022 5843              0.120245 510.673 -0.126776
2.03 22.8716 0 -0.231683 0.988413 0 0.151788 0 1 0 -0.151788 0 0.988413  -0.0127753 0 0.0023256 0 -0.0803664 0              43.6759 0.309906 5846.1              0.19549 514.248 -0.22535
2.04 22.8715 0 -0.231665 0.988535 0 0.150992 0 1 0 -0.150992 0 0.988535  -0.0119207 0 0.00164609 0 -0.0808274 0              42.8766 0.339664 5842.62              0.176001 517.776 -0.185556
2.05 22.8714 0 -0.231653 0.988657 0 0.150191 0 1 0 -0.150191 0 0.988657  -0.0110776 0 0.000968118 0 -0.0812273 0              42.7803 0.352336 5844.31              0.131164 519.661 -0.146873
2.06 22.8712 0 -0.23164 0.988779 0 0.149386 0 1 0 -0.149386 0 0.988779  -0.00992936 0 0.00107389 0 -0.0816931 0              39.7547 0.225826 5837.12              0.258138 522.593 -0.266268
2.07 22.8712 0 -0.231636 0.988901 0 0.148577 0 1 0 -0.148577 0 0.988901  -0.00914527 0 0.000177873 0 -0.0819173 0              43.5375 0.2274 5850.98              0.24239 523.902 -0.206017
2.08 22.8711 0 -0.231623 0.989023 0 0.147761 0 1 0 -0.147761 0 0.989023  -0.00795558 0 0.00136273 0 -0.0827768 0              53.6588 0.353737 5886.77              0.117563 522.121 -0.0433793
2.09 22.871 0 -0.231624 0.989145 0 0.146944 0 1 0 -0.146944 0 0.989145  -0.00747728 0 -0.000185853 0 -0.082829 0              42.2564 0.213594 5852.99              0.201363 526.458 -0.177952
